1624312615348 0.0003 0
1624312631615 0.0003 1
1624312649019 0.0003 2
1624312666161 0.0003 3
1624312682185 0.0003 4
1624312699053 0.0003 5
1624312715183 0.0003 6
1624312731082 0.0003 7
1624312747413 0.0003 8
1624312763657 0.0003 9
1624312780584 0.0003 10
1624312796615 0.0003 11
1624312812870 0.0003 12
1624312829006 0.0003 13
1624312845396 0.0003 14
1624312861475 0.0003 15
1624312877598 0.0003 16
1624312893554 0.0003 17
1624312910319 0.00015 18
1624312927269 0.00015 19
1624312944634 0.00015 20
1624312961642 0.00015 21
1624312978045 0.00015 22
1624312993557 0.00015 23
1624313009634 0.00015 24
1624313025514 0.00015 25
1624313041251 0.00015 26
1624313057942 0.00015 27
1624313074833 0.00015 28
1624313092147 7.5e-05 29
1624313109140 7.5e-05 30
1624313125934 7.5e-05 31
1624313142545 7.5e-05 32
1624313160308 7.5e-05 33
