1624312615347 0.7171313762664795 0
1624312631614 0.6874906420707703 1
1624312649019 0.6626466512680054 2
1624312666160 0.6368241906166077 3
1624312682184 0.6397406458854675 4
1624312699052 0.6184097528457642 5
1624312715183 0.6184840798377991 6
1624312731081 0.6184684634208679 7
1624312747412 0.6018043160438538 8
1624312763656 0.6016560196876526 9
1624312780583 0.5943146347999573 10
1624312796615 0.5906526446342468 11
1624312812869 0.5747075080871582 12
1624312829005 0.5730106234550476 13
1624312845395 0.584693193435669 14
1624312861474 0.5819000601768494 15
1624312877597 0.5612886548042297 16
1624312893554 0.5687387585639954 17
1624312910318 0.569098174571991 18
1624312927268 0.5638299584388733 19
1624312944633 0.5575375556945801 20
1624312961642 0.5645164847373962 21
1624312978044 0.5617472529411316 22
1624312993556 0.5628679990768433 23
1624313009633 0.565036952495575 24
1624313025514 0.5432982444763184 25
1624313041250 0.5571010708808899 26
1624313057941 0.5503811240196228 27
1624313074832 0.5428290367126465 28
1624313092146 0.5426307320594788 29
1624313109139 0.5543659329414368 30
1624313125934 0.5378721356391907 31
1624313142544 0.5527127385139465 32
1624313160307 0.5513187050819397 33
