1624312615348 0.5357142686843872 0
1624312631615 0.5771428346633911 1
1624312649020 0.604285717010498 2
1624312666161 0.6135714054107666 3
1624312682185 0.6142857074737549 4
1624312699054 0.6299999952316284 5
1624312715184 0.6421428322792053 6
1624312731083 0.6278571486473083 7
1624312747414 0.647857129573822 8
1624312763657 0.6578571200370789 9
1624312780584 0.6499999761581421 10
1624312796616 0.6557142734527588 11
1624312812870 0.6635714173316956 12
1624312829007 0.6764285564422607 13
1624312845397 0.6657142639160156 14
1624312861475 0.6728571653366089 15
1624312877599 0.6778571605682373 16
1624312893555 0.677142858505249 17
1624312910319 0.6778571605682373 18
1624312927269 0.6721428632736206 19
1624312944634 0.6957142949104309 20
1624312961643 0.6885714530944824 21
1624312978045 0.6878571510314941 22
1624312993557 0.6778571605682373 23
1624313009635 0.683571457862854 24
1624313025515 0.6892856955528259 25
1624313041252 0.6928571462631226 26
1624313057943 0.704285740852356 27
1624313074834 0.7114285826683044 28
1624313092148 0.7078571319580078 29
1624313109141 0.6892856955528259 30
1624313125935 0.7157142758369446 31
1624313142546 0.691428542137146 32
1624313160308 0.7028571367263794 33
