1624312615349 0.5915778875350952 0
1624312631616 0.6270245313644409 1
1624312649021 0.6732516884803772 2
1624312666162 0.7055400609970093 3
1624312682186 0.7000113129615784 4
1624312699055 0.7268943786621094 5
1624312715185 0.7283724546432495 6
1624312731084 0.7277399301528931 7
1624312747414 0.7335496544837952 8
1624312763658 0.7432781457901001 9
1624312780585 0.7494275569915771 10
1624312796617 0.7422239780426025 11
1624312812871 0.765705943107605 12
1624312829008 0.7726125121116638 13
1624312845398 0.7460339665412903 14
1624312861476 0.7532408237457275 15
1624312877600 0.7786140441894531 16
1624312893556 0.7677419185638428 17
1624312910320 0.7700920104980469 18
1624312927271 0.7724252343177795 19
1624312944635 0.7856974005699158 20
1624312961644 0.7800707817077637 21
1624312978046 0.7701165080070496 22
1624312993558 0.7701080441474915 23
1624313009636 0.7739798426628113 24
1624313025516 0.7875630855560303 25
1624313041253 0.7786161303520203 26
1624313057944 0.7913452982902527 27
1624313074834 0.7991336584091187 28
1624313092149 0.793990433216095 29
1624313109142 0.7791507244110107 30
1624313125936 0.8029351234436035 31
1624313142548 0.780302882194519 32
1624313160309 0.786919891834259 33
