1624312615349 0.5296671390533447 0
1624312631616 0.569767415523529 1
1624312649020 0.6076487302780151 2
1624312666162 0.6229965090751648 3
1624312682186 0.6197183132171631 4
1624312699055 0.6417704224586487 5
1624312715184 0.6489138603210449 6
1624312731083 0.6333568096160889 7
1624312747414 0.6501064300537109 8
1624312763658 0.6595593094825745 9
1624312780584 0.6504992842674255 10
1624312796616 0.6537356376647949 11
1624312812871 0.6623655557632446 12
1624312829008 0.671501100063324 13
1624312845398 0.6618497371673584 14
1624312861476 0.6681159734725952 15
1624312877599 0.673425018787384 16
1624312893555 0.6671575903892517 17
1624312910320 0.664683997631073 18
1624312927270 0.6612546443939209 19
1624312944635 0.6844444274902344 20
1624312961644 0.668188750743866 21
1624312978046 0.6746091246604919 22
1624312993557 0.6661732196807861 23
1624313009636 0.6641395688056946 24
1624313025515 0.6681922078132629 25
1624313041253 0.6766917705535889 26
1624313057943 0.6901198029518127 27
1624313074834 0.6882715821266174 28
1624313092148 0.6899166107177734 29
1624313109142 0.6661550998687744 30
1624313125935 0.6947852969169617 31
1624313142547 0.6697247624397278 32
1624313160309 0.6800000071525574 33
