1624263778927 0.0003 0
1624263796857 0.0003 1
1624263814818 0.0003 2
1624263832694 0.0003 3
1624263851548 0.0003 4
1624263870093 0.0003 5
1624263889092 0.0003 6
1624263909089 0.0003 7
1624263928058 0.0003 8
1624263947052 0.0003 9
1624263966590 0.0003 10
1624263985620 0.0003 11
1624264004611 0.0003 12
1624264023540 0.0003 13
1624264042538 0.0003 14
1624264062041 0.0003 15
1624264080439 0.0003 16
1624264098691 0.0003 17
1624264116634 0.0003 18
1624264134633 0.0003 19
1624264152966 0.0003 20
1624264171021 0.0003 21
1624264188948 0.0003 22
1624264207008 0.0003 23
1624264226010 0.0003 24
1624264244316 0.0003 25
1624264262434 0.0003 26
1624264280592 0.0003 27
1624264298895 0.00015 28
1624264317063 0.00015 29
1624264335258 0.00015 30
1624264353470 0.00015 31
1624264371827 0.00015 32
1624264390202 0.00015 33
1624264408497 0.00015 34
1624264426648 0.00015 35
1624264444845 0.00015 36
1624264463110 0.00015 37
1624264481572 0.00015 38
1624264501141 7.5e-05 39
1624264521131 7.5e-05 40
1624264539890 7.5e-05 41
1624264558028 7.5e-05 42
1624264576334 7.5e-05 43
1624264594784 7.5e-05 44
1624264613050 7.5e-05 45
1624264631330 7.5e-05 46
1624264649664 7.5e-05 47
