1624263778928 0.36841362714767456 0
1624263796858 0.6307323575019836 1
1624263814819 0.6977304220199585 2
1624263832695 0.7300559282302856 3
1624263851549 0.7484383583068848 4
1624263870094 0.7632291913032532 5
1624263889093 0.7703253030776978 6
1624263909091 0.7737774848937988 7
1624263928059 0.7813464403152466 8
1624263947053 0.7806244492530823 9
1624263966595 0.7791783809661865 10
1624263985621 0.7842321395874023 11
1624264004612 0.7865344285964966 12
1624264023541 0.7877418994903564 13
1624264042540 0.7872947454452515 14
1624264062043 0.7898780703544617 15
1624264080440 0.7953598499298096 16
1624264098692 0.7935464382171631 17
1624264116635 0.7939904928207397 18
1624264134634 0.8014103174209595 19
1624264152967 0.7985926866531372 20
1624264171022 0.8055919408798218 21
1624264188949 0.8063660860061646 22
1624264207013 0.810039758682251 23
1624264226011 0.8118032217025757 24
1624264244317 0.8114283680915833 25
1624264262435 0.8189738392829895 26
1624264280593 0.8157516717910767 27
1624264298896 0.8234823942184448 28
1624264317064 0.8236719965934753 29
1624264335259 0.8207393288612366 30
1624264353471 0.8224899768829346 31
1624264371828 0.8298907279968262 32
1624264390204 0.8273371458053589 33
1624264408499 0.8311620950698853 34
1624264426650 0.8311471939086914 35
1624264444847 0.8288683891296387 36
1624264463111 0.8320246934890747 37
1624264481574 0.8335623145103455 38
1624264501142 0.8319947719573975 39
1624264521133 0.83687824010849 40
1624264539891 0.83958500623703 41
1624264558029 0.842690110206604 42
1624264576336 0.8385829925537109 43
1624264594785 0.8413122892379761 44
1624264613052 0.8428328037261963 45
1624264631331 0.8404198884963989 46
1624264649665 0.838311493396759 47
