1624263778926 0.8033021688461304 0
1624263796856 0.668175458908081 1
1624263814817 0.6120509505271912 2
1624263832693 0.5854499340057373 3
1624263851547 0.5722740292549133 4
1624263870092 0.5624958872795105 5
1624263889091 0.5570959448814392 6
1624263909089 0.5530475378036499 7
1624263928057 0.5468538403511047 8
1624263947051 0.5454580783843994 9
1624263966589 0.5448774695396423 10
1624263985619 0.5389905571937561 11
1624264004610 0.5367724895477295 12
1624264023539 0.533852219581604 13
1624264042538 0.5327163338661194 14
1624264062041 0.5309265851974487 15
1624264080439 0.524978756904602 16
1624264098690 0.5254396200180054 17
1624264116633 0.523815393447876 18
1624264134632 0.5188259482383728 19
1624264152965 0.5181500911712646 20
1624264171020 0.512615978717804 21
1624264188947 0.5108837485313416 22
1624264207007 0.5067354440689087 23
1624264226010 0.5052158832550049 24
1624264244316 0.5050440430641174 25
1624264262433 0.49963006377220154 26
1624264280591 0.4989970326423645 27
1624264298894 0.4934041202068329 28
1624264317062 0.4922623932361603 29
1624264335257 0.4942329227924347 30
1624264353469 0.49254080653190613 31
1624264371826 0.48628464341163635 32
1624264390202 0.4880487322807312 33
1624264408497 0.48535630106925964 34
1624264426648 0.4832606017589569 35
1624264444845 0.4852423369884491 36
1624264463109 0.48277872800827026 37
1624264481572 0.4805932939052582 38
1624264501140 0.48198166489601135 39
1624264521130 0.47805383801460266 40
1624264539889 0.4758685827255249 41
1624264558027 0.4734790027141571 42
1624264576334 0.47660377621650696 43
1624264594783 0.4741431474685669 44
1624264613049 0.47291842103004456 45
1624264631329 0.47359707951545715 46
1624264649663 0.47583839297294617 47
