1624263778927 0.3221586346626282 0
1624263796857 0.5422297716140747 1
1624263814819 0.604651153087616 2
1624263832695 0.6465214490890503 3
1624263851549 0.6647887229919434 4
1624263870094 0.6733381152153015 5
1624263889093 0.6759530901908875 6
1624263909090 0.6804428100585938 7
1624263928059 0.6858832240104675 8
1624263947053 0.6918429136276245 9
1624263966594 0.6833713054656982 10
1624263985621 0.682551920413971 11
1624264004612 0.6861090064048767 12
1624264023541 0.6867284178733826 13
1624264042539 0.6826997399330139 14
1624264062042 0.6822066307067871 15
1624264080440 0.6840031147003174 16
1624264098691 0.6756971478462219 17
1624264116634 0.6762820482254028 18
1624264134634 0.6783999800682068 19
1624264152967 0.67580646276474 20
1624264171022 0.6877022385597229 21
1624264188949 0.6764227151870728 22
1624264207013 0.6807131767272949 23
1624264226011 0.6812652349472046 24
1624264244317 0.6753458380699158 25
1624264262435 0.6909090876579285 26
1624264280593 0.6896551847457886 27
1624264298896 0.6865177750587463 28
1624264317064 0.6865177750587463 29
1624264335259 0.684385359287262 30
1624264353470 0.6924341917037964 31
1624264371828 0.6883333325386047 32
1624264390203 0.6821192502975464 33
1624264408498 0.6977518796920776 34
1624264426649 0.6913372874259949 35
1624264444846 0.6828858852386475 36
1624264463111 0.6840336322784424 37
1624264481573 0.6940486431121826 38
1624264501142 0.6886633038520813 39
1624264521132 0.6943268179893494 40
1624264539891 0.6864910125732422 41
1624264558029 0.7014297842979431 42
1624264576335 0.6887754797935486 43
1624264594785 0.714285671710968 44
1624264613051 0.6980324983596802 45
1624264631331 0.6905370950698853 46
1624264649665 0.6938083171844482 47
