1624263778927 0.40785714983940125 0
1624263796857 0.6128571629524231 1
1624263814819 0.6235714554786682 2
1624263832694 0.6407142877578735 3
1624263851548 0.6600000262260437 4
1624263870093 0.6735714077949524 5
1624263889092 0.6842857003211975 6
1624263909090 0.6907142996788025 7
1624263928058 0.6964285969734192 8
1624263947052 0.7085714340209961 9
1624263966594 0.7021428346633911 10
1624263985620 0.7049999833106995 11
1624264004611 0.7078571319580078 12
1624264023540 0.7099999785423279 13
1624264042539 0.7078571319580078 14
1624264062042 0.7078571319580078 15
1624264080440 0.7135714292526245 16
1624264098691 0.7092857360839844 17
1624264116634 0.7114285826683044 18
1624264134633 0.7128571271896362 19
1624264152966 0.7128571271896362 20
1624264171021 0.7242857217788696 21
1624264188948 0.7157142758369446 22
1624264207012 0.7185714244842529 23
1624264226011 0.7192857265472412 24
1624264244317 0.7149999737739563 25
1624264262434 0.7328571677207947 26
1624264280593 0.7300000190734863 27
1624264298896 0.729285717010498 28
1624264317063 0.729285717010498 29
1624264335259 0.7285714149475098 30
1624264353470 0.7328571677207947 31
1624264371827 0.7328571677207947 32
1624264390203 0.7257142663002014 33
1624264408498 0.7407143115997314 34
1624264426649 0.7378571629524231 35
1624264444846 0.7300000190734863 36
1624264463111 0.7314285635948181 37
1624264481573 0.7392857074737549 38
1624264501141 0.7371428608894348 39
1624264521132 0.7421428561210632 40
1624264539890 0.7364285588264465 41
1624264558028 0.7464285492897034 42
1624264576335 0.7385714054107666 43
1624264594785 0.7571428418159485 44
1624264613051 0.7478571534156799 45
1624264631331 0.7407143115997314 46
1624264649664 0.7421428561210632 47
