1624273481548 0.6157143115997314 0
1624273505505 0.6514285802841187 1
1624273529405 0.6657142639160156 2
1624273553499 0.6850000023841858 3
1624273577358 0.6921428442001343 4
1624273601156 0.6928571462631226 5
1624273624971 0.7007142901420593 6
1624273648950 0.7192857265472412 7
1624273672916 0.7221428751945496 8
1624273696983 0.7392857074737549 9
1624273721116 0.7392857074737549 10
1624273745387 0.7400000095367432 11
1624273769821 0.7542856931686401 12
1624273794344 0.756428599357605 13
1624273818934 0.7635714411735535 14
