1624273481549 0.6768913269042969 0
1624273505506 0.7452907562255859 1
1624273529406 0.7683297991752625 2
1624273553500 0.7824453115463257 3
1624273577359 0.7947400808334351 4
1624273601157 0.8035846948623657 5
1624273624972 0.81145179271698 6
1624273648951 0.8171465992927551 7
1624273672916 0.8256014585494995 8
1624273696984 0.8293007612228394 9
1624273721117 0.831110954284668 10
1624273745388 0.8348869681358337 11
1624273769822 0.8442107439041138 12
1624273794345 0.8460060954093933 13
1624273818934 0.8515752553939819 14
