1624273481549 0.564019501209259 0
1624273505506 0.6489208340644836 1
1624273529406 0.6657143235206604 2
1624273553500 0.6783369779586792 3
1624273577358 0.67618328332901 4
1624273601157 0.6712538599967957 5
1624273624972 0.6789271831512451 6
1624273648950 0.6988505721092224 7
1624273672916 0.6986832022666931 8
1624273696983 0.7123719453811646 9
1624273721116 0.7110055685043335 10
1624273745387 0.7097288370132446 11
1624273769821 0.7234726548194885 12
1624273794345 0.7225386500358582 13
1624273818934 0.7324172258377075 14
