1624273481547 0.6349024176597595 0
1624273505504 0.5786004066467285 1
1624273529404 0.5618323087692261 2
1624273553498 0.5491477847099304 3
1624273577357 0.5388338565826416 4
1624273601155 0.5296030640602112 5
1624273624970 0.5217532515525818 6
1624273648949 0.5143099427223206 7
1624273672914 0.5062561631202698 8
1624273696981 0.5016927123069763 9
1624273721115 0.4977961778640747 10
1624273745386 0.49199768900871277 11
1624273769820 0.4827018976211548 12
1624273794343 0.47867250442504883 13
1624273818932 0.4727269411087036 14
