1622908762826 0.001 0
1622908773152 0.001 1
1622908783756 0.001 2
1622908794347 0.001 3
1622908804855 0.001 4
1622908815299 0.001 5
1622908825670 0.001 6
1622908835845 0.001 7
1622908846368 0.001 8
1622908856906 0.001 9
1622908867253 0.001 10
1622908877568 0.001 11
1622908887983 0.001 12
1622908898203 0.001 13
1622908908636 0.001 14
1622908918999 0.001 15
1622908929668 0.001 16
1622908940137 0.001 17
1622908950619 0.001 18
1622908961799 0.001 19
1622908972845 0.001 20
1622908983597 0.001 21
1622908995236 0.001 22
1622909006248 0.001 23
1622909017497 0.001 24
1622909027899 0.001 25
1622909038504 0.001 26
1622909049112 0.001 27
1622909059470 0.001 28
1622909070081 0.001 29
1622909080624 0.001 30
1622909090864 0.001 31
1622909101514 0.001 32
1622909111982 0.001 33
1622909122754 0.001 34
1622909133217 0.001 35
1622909143944 0.0005 36
1622909154707 0.0005 37
1622909165044 0.0005 38
1622909175555 0.0005 39
1622909186070 0.0005 40
1622909196772 0.0005 41
1622909207112 0.0005 42
1622909217876 0.0005 43
1622909228320 0.0005 44
1622909238843 0.0005 45
1622909249571 0.0005 46
1622909260173 0.0005 47
1622909270550 0.0005 48
1622909281048 0.00025 49
1622909291645 0.00025 50
1622909302252 0.00025 51
1622909312669 0.00025 52
1622909323292 0.00025 53
1622909333862 0.00025 54
1622909344250 0.00025 55
1622909354980 0.00025 56
1622909365550 0.00025 57
1622909375931 0.00025 58
1622909386742 0.00025 59
1622909397359 0.000125 60
1622909407975 0.000125 61
1622909418329 0.000125 62
1622909429007 0.000125 63
1622909439551 0.000125 64
1622909449863 0.000125 65
1622909460361 0.000125 66
1622909471150 0.000125 67
1622909481602 0.000125 68
1622909492277 0.000125 69
1622909502939 0.000125 70
1622909513574 6.25e-05 71
1622909524028 6.25e-05 72
1622909534464 6.25e-05 73
1622909545291 6.25e-05 74
1622909555710 6.25e-05 75
1622909566259 6.25e-05 76
1622909576948 6.25e-05 77
1622909587623 6.25e-05 78
1622909598153 6.25e-05 79
1622909608848 6.25e-05 80
1622909619686 6.25e-05 81
1622909630137 3.125e-05 82
1622909640939 3.125e-05 83
1622909652334 3.125e-05 84
1622909663553 3.125e-05 85
1622909675413 3.125e-05 86
1622909686757 3.125e-05 87
1622909697398 3.125e-05 88
1622909709096 3.125e-05 89
1622909720780 3.125e-05 90
1622909731572 3.125e-05 91
1622909743010 3.125e-05 92
1622909754145 1.5625e-05 93
1622909765124 1.5625e-05 94
1622909775573 1.5625e-05 95
1622909786148 1.5625e-05 96
1622909796555 1.5625e-05 97
1622909806927 1.5625e-05 98
1622909817366 1.5625e-05 99
