1622909828019 0.0003 0
1622909838610 0.0003 1
1622909848866 0.0003 2
1622909859324 0.0003 3
1622909869744 0.0003 4
1622909880226 0.0003 5
1622909890663 0.0003 6
1622909901051 0.0003 7
1622909911343 0.0003 8
1622909921647 0.0003 9
1622909932419 0.0003 10
1622909943572 0.0003 11
1622909954807 0.0003 12
1622909966298 0.0003 13
1622909977832 0.0003 14
1622909988870 0.0003 15
1622909999699 0.0003 16
1622910010621 0.0003 17
1622910021952 0.0003 18
1622910033151 0.0003 19
1622910043527 0.0003 20
1622910053902 0.0003 21
1622910064233 0.0003 22
1622910074631 0.0003 23
1622910085086 0.0003 24
1622910096570 0.00015 25
1622910109637 0.00015 26
1622910120505 0.00015 27
1622910131639 0.00015 28
1622910142522 0.00015 29
1622910152988 0.00015 30
1622910163489 0.00015 31
1622910173936 0.00015 32
1622910184334 0.00015 33
1622910194879 0.00015 34
1622910205858 0.00015 35
1622910217189 7.5e-05 36
1622910227564 7.5e-05 37
1622910237910 7.5e-05 38
1622910248181 7.5e-05 39
1622910258658 7.5e-05 40
1622910269051 7.5e-05 41
1622910279530 7.5e-05 42
1622910290147 7.5e-05 43
1622910300522 7.5e-05 44
1622910310846 7.5e-05 45
1622910321440 7.5e-05 46
1622910331909 3.75e-05 47
1622910342554 3.75e-05 48
1622910353042 3.75e-05 49
1622910363656 3.75e-05 50
1622910374378 3.75e-05 51
1622910385857 3.75e-05 52
1622910396281 3.75e-05 53
1622910406673 3.75e-05 54
1622910417226 3.75e-05 55
1622910427598 3.75e-05 56
1622910438121 3.75e-05 57
1622910448594 1.875e-05 58
1622910458984 1.875e-05 59
1622910469477 1.875e-05 60
1622910479948 1.875e-05 61
1622910490352 1.875e-05 62
1622910500870 1.875e-05 63
1622910512650 1.875e-05 64
1622910523374 1.875e-05 65
1622910533882 1.875e-05 66
1622910544332 1.875e-05 67
1622910554786 1.875e-05 68
1622910565068 1.875e-05 69
1622910575414 1.875e-05 70
1622910585601 1.875e-05 71
1622910595752 1.875e-05 72
1622910606108 9.375e-06 73
1622910616479 9.375e-06 74
1622910626836 9.375e-06 75
1622910637148 9.375e-06 76
1622910647572 9.375e-06 77
1622910657921 9.375e-06 78
1622910668321 9.375e-06 79
1622910678509 9.375e-06 80
1622910688849 9.375e-06 81
1622910699277 9.375e-06 82
1622910709552 9.375e-06 83
1622910719715 4.6875e-06 84
1622910730147 4.6875e-06 85
1622910741837 4.6875e-06 86
1622910752619 4.6875e-06 87
1622910763961 4.6875e-06 88
1622910774679 4.6875e-06 89
1622910785994 4.6875e-06 90
1622910796690 4.6875e-06 91
1622910807085 4.6875e-06 92
1622910817459 4.6875e-06 93
1622910827716 4.6875e-06 94
1622910838023 2.34375e-06 95
1622910848492 2.34375e-06 96
1622910858952 2.34375e-06 97
1622910869398 2.34375e-06 98
1622910879655 2.34375e-06 99
