1624271689849 0.0003 0
1624271709457 0.0003 1
1624271729308 0.0003 2
1624271749216 0.0003 3
1624271768959 0.0003 4
1624271788887 0.0003 5
1624271809034 0.0003 6
1624271829010 0.0003 7
1624271848917 0.0003 8
1624271869018 0.0003 9
1624271888985 0.0003 10
1624271909035 0.0003 11
1624271929278 0.0003 12
1624271949467 0.0003 13
1624271969587 0.0003 14
1624271989710 0.0003 15
1624272009892 0.0003 16
1624272030054 0.0003 17
1624272050173 0.0003 18
1624272070295 0.0003 19
1624272090416 0.0003 20
1624272110607 0.0003 21
1624272130736 0.0003 22
1624272151049 0.00015 23
1624272171153 0.00015 24
1624272191209 0.00015 25
