1624271689850 0.42500001192092896 0
1624271709458 0.5350000262260437 1
1624271729308 0.6292856931686401 2
1624271749216 0.6650000214576721 3
1624271768960 0.6935714483261108 4
1624271788888 0.6964285969734192 5
1624271809034 0.7021428346633911 6
1624271829010 0.706428587436676 7
1624271848917 0.7121428847312927 8
1624271869019 0.7135714292526245 9
1624271888985 0.7235714197158813 10
1624271909035 0.7242857217788696 11
1624271929279 0.7285714149475098 12
1624271949468 0.7400000095367432 13
1624271969588 0.7364285588264465 14
1624271989710 0.7400000095367432 15
1624272009896 0.741428554058075 16
1624272030055 0.7450000047683716 17
1624272050174 0.7549999952316284 18
1624272070296 0.7557142972946167 19
1624272090416 0.756428599357605 20
1624272110607 0.7699999809265137 21
1624272130736 0.758571445941925 22
1624272151049 0.7735714316368103 23
1624272171153 0.770714282989502 24
1624272191209 0.7642857432365417 25
