1624271689851 0.3981016278266907 0
1624271709459 0.5434638857841492 1
1624271729309 0.6678763628005981 2
1624271749217 0.7303040623664856 3
1624271768961 0.7580805420875549 4
1624271788889 0.7764608860015869 5
1624271809035 0.7867664694786072 6
1624271829011 0.7944781184196472 7
1624271848918 0.8034398555755615 8
1624271869019 0.806745171546936 9
1624271888986 0.8116775751113892 10
1624271909036 0.8134728670120239 11
1624271929280 0.8187971115112305 12
1624271949468 0.8230245113372803 13
1624271969589 0.8253054618835449 14
1624271989711 0.8299311995506287 15
1624272009897 0.8333333134651184 16
1624272030055 0.8351787328720093 17
1624272050175 0.8360753655433655 18
1624272070297 0.8442085981369019 19
1624272090417 0.8424792885780334 20
1624272110608 0.8490195870399475 21
1624272130737 0.8454480171203613 22
1624272151050 0.8521715402603149 23
1624272171154 0.8534578680992126 24
1624272191210 0.8535728454589844 25
