1624271689850 0.30182135105133057 0
1624271709458 0.41926851868629456 1
1624271729309 0.5427312254905701 2
1624271749217 0.6114333271980286 3
1624271768960 0.6587111949920654 4
1624271788888 0.6702870726585388 5
1624271809035 0.6784887909889221 6
1624271829011 0.6826254725456238 7
1624271848918 0.6873545050621033 8
1624271869019 0.6859828233718872 9
1624271888986 0.695035457611084 10
1624271909035 0.6936507821083069 11
1624271929279 0.6998420357704163 12
1624271949468 0.7087999582290649 13
1624271969588 0.7021791934967041 14
1624271989711 0.7092651724815369 15
1624272009897 0.7071197628974915 16
1624272030055 0.7127916812896729 17
1624272050174 0.7176954746246338 18
1624272070296 0.7182866334915161 19
1624272090417 0.7202624678611755 20
1624272110608 0.7334437370300293 21
1624272130737 0.717863142490387 22
1624272151050 0.7360532283782959 23
1624272171154 0.7331670522689819 24
1624272191210 0.7254575490951538 25
