1624271689849 0.793160080909729 0
1624271709457 0.6923485398292542 1
1624271729307 0.6360971927642822 2
1624271749215 0.599721372127533 3
1624271768959 0.5772774815559387 4
1624271788887 0.5602954626083374 5
1624271809033 0.549839973449707 6
1624271829009 0.541759729385376 7
1624271848916 0.5336363315582275 8
1624271869018 0.5292062759399414 9
1624271888984 0.5238631963729858 10
1624271909034 0.5189673900604248 11
1624271929278 0.5148226022720337 12
1624271949466 0.509746789932251 13
1624271969587 0.5057613253593445 14
1624271989709 0.5017609000205994 15
1624272009891 0.49644801020622253 16
1624272030053 0.49404728412628174 17
1624272050173 0.49266165494918823 18
1624272070295 0.4840550124645233 19
1624272090415 0.4843932092189789 20
1624272110606 0.4771105945110321 21
1624272130735 0.4783976376056671 22
1624272151048 0.4723900556564331 23
1624272171152 0.4705420732498169 24
1624272191208 0.4709102511405945 25
