1622331142790 0.0010437770761476612 0
1622331163047 0.0007532949646779659 1
1622331183327 0.0006710481602247844 2
1622331203310 0.0006450645503351897 3
1622331223920 0.0006330430249933532 4
1622331243571 0.0006249466880699527 5
1622331262088 0.0006150434579940195 6
1622331283046 0.0006167012757051832 7
1622331302789 0.0006114948294941807 8
1622331322704 0.0006059967381850332 9
1622331342530 0.0006008894311228479 10
1622331362526 0.0005977668821363666 11
1622331382872 0.0005996456267540239 12
1622331404213 0.0005950049923143208 13
