1622904919722 0.02 0
1622904930238 0.02 1
1622904940654 0.02 2
1622904951037 0.02 3
1622904961399 0.02 4
1622904971773 0.02 5
1622904982352 0.02 6
1622904992523 0.02 7
1622905002889 0.02 8
1622905013313 0.02 9
1622905023706 0.01 10
1622905034180 0.01 11
1622905044613 0.01 12
1622905054998 0.01 13
1622905065382 0.01 14
1622905075830 0.01 15
1622905086509 0.01 16
1622905097075 0.01 17
1622905107466 0.01 18
1622905118030 0.01 19
1622905128210 0.01 20
1622905138862 0.005 21
1622905149241 0.005 22
1622905159568 0.005 23
1622905170021 0.005 24
1622905180677 0.005 25
1622905190880 0.005 26
1622905201229 0.005 27
1622905211639 0.005 28
1622905222038 0.005 29
1622905232534 0.005 30
1622905242984 0.005 31
1622905253463 0.0025 32
1622905264086 0.0025 33
1622905274666 0.0025 34
1622905285138 0.0025 35
1622905295431 0.0025 36
1622905305868 0.0025 37
1622905316552 0.0025 38
1622905326987 0.0025 39
1622905337252 0.0025 40
1622905347748 0.0025 41
1622905358306 0.0025 42
1622905368649 0.00125 43
1622905379112 0.00125 44
1622905389726 0.00125 45
1622905400011 0.00125 46
1622905410660 0.00125 47
1622905421173 0.00125 48
1622905431548 0.00125 49
1622905442068 0.00125 50
1622905452639 0.00125 51
1622905463033 0.00125 52
1622905473562 0.00125 53
1622905484183 0.000625 54
1622905494571 0.000625 55
1622905504894 0.000625 56
1622905515457 0.000625 57
1622905525959 0.000625 58
1622905536309 0.000625 59
1622905546845 0.000625 60
1622905557183 0.000625 61
1622905567714 0.000625 62
1622905577898 0.000625 63
1622905588486 0.000625 64
1622905599153 0.0003125 65
1622905609546 0.0003125 66
1622905619861 0.0003125 67
1622905630375 0.0003125 68
1622905640760 0.0003125 69
1622905651620 0.0003125 70
1622905662313 0.0003125 71
1622905672947 0.0003125 72
1622905683313 0.0003125 73
1622905693871 0.0003125 74
1622905704323 0.0003125 75
1622905714726 0.00015625 76
1622905725230 0.00015625 77
1622905735699 0.00015625 78
1622905745984 0.00015625 79
1622905756486 0.00015625 80
1622905766993 0.00015625 81
1622905777439 0.00015625 82
1622905787730 0.00015625 83
1622905798209 0.00015625 84
1622905808681 0.00015625 85
1622905819242 0.00015625 86
1622905829780 7.8125e-05 87
1622905840215 7.8125e-05 88
1622905850514 7.8125e-05 89
1622905860981 7.8125e-05 90
1622905871457 7.8125e-05 91
1622905881836 7.8125e-05 92
1622905892221 7.8125e-05 93
1622905902780 7.8125e-05 94
1622905913422 7.8125e-05 95
1622905923920 7.8125e-05 96
1622905934478 7.8125e-05 97
1622905944988 3.90625e-05 98
1622905955330 3.90625e-05 99
