1622906680356 0.4858967105794876 0
1622906689367 0.5724157439586196 1
1622906698363 0.6319405156388911 2
1622906709497 0.6643093833346804 3
1622906720794 0.6774832296128668 4
1622906731843 0.7103774347369272 5
1622906742771 0.7340580295805382 6
1622906753811 0.7454134001454781 7
1622906764409 0.7570112341388507 8
1622906775498 0.7674775721328699 9
1622906786458 0.7776610361270508 10
1622906797574 0.787278752121555 11
1622906808410 0.7905520084053989 12
1622906818758 0.7925725369756729 13
1622906829066 0.8005738301139578 14
1622906839538 0.7965327729734099 15
1622906849647 0.7985128909722784 16
1622906860071 0.7976642689727633 17
1622906870371 0.8015840943990948 18
1622906880676 0.8062717206821305 19
1622906891273 0.8072011638244565 20
1622906901939 0.8106360623939223 21
1622906912264 0.8089792289662976 22
1622906922510 0.8111613998221935 23
1622906932819 0.8122120746787359 24
1622906943142 0.8105956518225168 25
1622906953229 0.8143538349632263 26
1622906963543 0.8170209326759881 27
1622906973910 0.8183948921037744 28
1622906983988 0.8162935423906894 29
1622906994326 0.8180716075325305 30
1622907004687 0.8203750101026428 31
1622907014807 0.8233653923866483 32
1622907025121 0.8232037501010264 33
1622907035492 0.8233249818152428 34
1622907045548 0.8199304938171825 35
1622907055954 0.8181524286753414 36
1622907066389 0.8192435141032894 37
1622907076626 0.8222338963872949 38
1622907087985 0.8212640426735635 39
1622907098299 0.822072254101673 40
1622907108651 0.8242948355289744 41
1622907118662 0.8216681483876181 42
1622907128927 0.8225167703871332 43
1622907139379 0.8234058029580539 44
1622907149464 0.8244968883860018 45
1622907159732 0.8233653923866483 46
1622907169997 0.8241331932433524 47
1622907180137 0.8225975915299443 48
1622907190506 0.8248201729572456 49
1622907201461 0.8220318435302675 50
1622907211765 0.8233249818152428 51
1622907222096 0.8245777095288127 52
1622907232521 0.8248605835286511 53
1622907242937 0.8237290875292976 54
1622907253145 0.8249009941000566 55
1622907263357 0.8243352461003799 56
1622907273852 0.8257496160995716 57
1622907284144 0.826113311242221 58
1622907294381 0.8252242786713004 59
1622907304833 0.8273660389557909 60
1622907315159 0.8265174169562758 61
1622907325522 0.8258708478137881 62
1622907335989 0.8271639860987634 63
1622907347474 0.8277701446698457 64
1622907357704 0.8272852178129799 65
1622907368048 0.828133839812495 66
1622907378457 0.8290228723834155 67
1622907388549 0.8256283843853552 68
1622907399177 0.8273660389557909 69
1622907409559 0.8265578275276813 70
1622907419712 0.8271639860987634 71
1622907430129 0.8287399983835771 72
1622907440526 0.8282954820981169 73
1622907450854 0.8277701446698457 74
1622907461300 0.8277701446698457 75
1622907471705 0.8282146609553059 76
1622907481880 0.8287804089549826 77
1622907492246 0.8274872706700073 78
1622907502604 0.8274064495271963 79
1622907513103 0.8286995878121717 80
1622907523302 0.8288208195263881 81
1622907533727 0.8269215226703306 82
1622907544086 0.8272448072415743 83
1622907554347 0.8299119049543361 84
1622907564751 0.8289420512406045 85
1622907576222 0.8289824618120101 86
1622907586443 0.8287399983835771 87
1622907596876 0.8275680918128182 88
1622907607203 0.8296694415259032 89
1622907617512 0.8285783560979553 90
1622907627739 0.8272852178129799 91
1622907638107 0.8278105552412511 92
1622907648721 0.8286591772407662 93
1622907658955 0.8278105552412511 94
1622907669403 0.8282146609553059 95
1622907679965 0.8289824618120101 96
1622907690081 0.8274872706700073 97
1622907700457 0.8271235755273579 98
1622907710849 0.8274468600986018 99
