1622906680355 0.00020593774017131118 0
1622906689365 0.00018837481946690066 1
1622906698362 0.0001812256438493401 2
1622906709496 0.00017605385822341463 3
1622906720792 0.00016947344859588853 4
1622906731842 0.000164208616520934 5
1622906742769 0.00015935068622630118 6
1622906753810 0.00015657996867358766 7
1622906764408 0.00015575087013620765 8
1622906775497 0.00014834314678669708 9
1622906786457 0.00014560397783324277 10
1622906797573 0.00014362560510924416 11
1622906808408 0.0001424830209695367 12
1622906818757 0.00014114512961153398 13
1622906829065 0.00013762119346665824 14
1622906839536 0.00013697951861074532 15
1622906849646 0.00013654580365230837 16
1622906860069 0.0001352259772274591 17
1622906870370 0.00013185042403484812 18
1622906880675 0.00013228758337387297 19
1622906891272 0.00013195894370128755 20
1622906901938 0.00013108733355888196 21
1622906912263 0.00012865897900630612 22
1622906922509 0.0001303830588922768 23
1622906932817 0.0001290788718822229 24
1622906943141 0.0001281158917165849 25
1622906953228 0.00012856819428690787 26
1622906963542 0.00012751555063205596 27
1622906973908 0.00013023227330390266 28
1622906983987 0.00012856917461061366 29
1622906994325 0.00012464555422837546 30
1622907004685 0.00012663508265076077 31
1622907014806 0.00012533907664676766 32
1622907025120 0.00012380116071425884 33
1622907035490 0.00012882250037255346 34
1622907045547 0.00012167635845943381 35
1622907055953 0.00012402235739042078 36
1622907066388 0.0001231989854368504 37
1622907076625 0.0001254034371862779 38
1622907087983 0.00012484097947090066 39
1622907098298 0.00012520964140072316 40
1622907108650 0.00012218731545904832 41
1622907118661 0.00012511402009655526 42
1622907128926 0.0001231607190911159 43
1622907139378 0.00012004788542568447 44
1622907149463 0.00012541662579180883 45
1622907159730 0.00012464692475463735 46
1622907169996 0.00012276725762106033 47
1622907180135 0.00012311939134137628 48
1622907190505 0.00012252951346612985 49
1622907201460 0.00012164789775941498 50
1622907211764 0.00012264447990504733 51
1622907222095 0.00012028142526850572 52
1622907232520 0.00012264386449299122 53
1622907242935 0.00012278158190872217 54
1622907253144 0.00012208567130616706 55
1622907263356 0.00012200754649192276 56
1622907273851 0.00012227902510302403 57
1622907284143 0.00012114421972353245 58
1622907294379 0.0001207775786575654 59
1622907304832 0.00012157126390432026 60
1622907315158 0.00012066500522012633 61
1622907325521 0.000122638495594858 62
1622907335987 0.00012078056298452236 63
1622907347473 0.0001230983553288835 64
1622907357702 0.0001198579892570331 65
1622907368047 0.00012347715891217835 66
1622907378456 0.00012136846214742406 67
1622907388547 0.00012018696614170407 68
1622907399176 0.00012108900847049998 69
1622907409558 0.00012128252123876868 70
1622907419711 0.00011894117342590428 71
1622907430128 0.0001194068861982715 72
1622907440525 0.00012232991161105955 73
1622907450853 0.00012286149756000642 74
1622907461299 0.00011951588398327509 75
1622907471704 0.00012228048715828057 76
1622907481879 0.00012072352476458364 77
1622907492245 0.00012238828543172277 78
1622907502603 0.00011770157818650501 79
1622907513102 0.00012136264403461976 80
1622907523300 0.0001222008846325043 81
1622907533726 0.00011922096551924276 82
1622907544085 0.00012199894637941283 83
1622907554346 0.00012322360553208083 84
1622907564750 0.00011972296592499978 85
1622907576221 0.00011790694395958014 86
1622907586442 0.00011969692713035239 87
1622907596875 0.000120977294923879 88
1622907607202 0.00012219767991336288 89
1622907617511 0.00011960999265037357 90
1622907627738 0.00011958849658424983 91
1622907638106 0.00011891726268038237 92
1622907648720 0.00012142905313754962 93
1622907658954 0.00012021505470409993 94
1622907669402 0.00012109078244693565 95
1622907679964 0.00012007790693592776 96
1622907690080 0.00012055239926580757 97
1622907700456 0.00011833089783246984 98
1622907710848 0.00012091792873622124 99
