1622901497468 0.02 0
1622901507493 0.02 1
1622901519515 0.02 2
1622901531635 0.02 3
1622901544313 0.02 4
1622901555869 0.02 5
1622901567390 0.02 6
1622901579263 0.02 7
1622901591484 0.02 8
1622901604280 0.02 9
1622901615632 0.02 10
1622901627143 0.02 11
1622901639239 0.02 12
1622901651441 0.02 13
1622901663423 0.02 14
1622901675367 0.02 15
1622901687790 0.02 16
1622901699708 0.02 17
1622901712275 0.02 18
1622901724180 0.02 19
1622901735854 0.01 20
1622901748036 0.01 21
1622901760021 0.01 22
1622901772647 0.01 23
1622901784884 0.01 24
1622901796926 0.01 25
1622901809488 0.01 26
1622901822172 0.01 27
1622901834491 0.01 28
1622901846464 0.01 29
1622901857942 0.01 30
1622901869641 0.01 31
1622901881260 0.01 32
1622901892934 0.01 33
1622901904481 0.01 34
1622901917059 0.01 35
1622901928664 0.01 36
1622901940385 0.01 37
1622901952044 0.01 38
1622901963594 0.005 39
1622901975208 0.005 40
1622901986741 0.005 41
1622901998391 0.005 42
1622902009894 0.005 43
1622902021533 0.005 44
1622902033138 0.005 45
1622902044687 0.005 46
1622902056367 0.005 47
1622902067909 0.005 48
1622902079528 0.005 49
1622902090996 0.005 50
1622902102683 0.005 51
1622902114042 0.005 52
1622902125677 0.0025 53
1622902137302 0.0025 54
1622902148883 0.0025 55
1622902160903 0.0025 56
1622902173377 0.0025 57
1622902185627 0.0025 58
1622902197740 0.0025 59
1622902209517 0.0025 60
1622902221346 0.0025 61
1622902233049 0.0025 62
1622902244954 0.0025 63
1622902257607 0.00125 64
1622902269563 0.00125 65
1622902281919 0.00125 66
1622902293673 0.00125 67
1622902305741 0.00125 68
1622902318163 0.00125 69
1622902330314 0.00125 70
1622902341968 0.00125 71
1622902353609 0.00125 72
1622902365554 0.00125 73
1622902376985 0.00125 74
1622902388604 0.000625 75
1622902400065 0.000625 76
1622902412347 0.000625 77
1622902424561 0.000625 78
1622902436531 0.000625 79
1622902449013 0.000625 80
1622902460839 0.000625 81
1622902472314 0.000625 82
1622902484355 0.000625 83
1622902496132 0.000625 84
1622902507979 0.000625 85
1622902520356 0.0003125 86
1622902532460 0.0003125 87
1622902544546 0.0003125 88
1622902556194 0.0003125 89
1622902567856 0.0003125 90
1622902580095 0.0003125 91
1622902591961 0.0003125 92
1622902604863 0.0003125 93
1622902618069 0.0003125 94
1622902630481 0.0003125 95
1622902642962 0.0003125 96
1622902655687 0.00015625 97
1622902667816 0.00015625 98
1622902679737 0.00015625 99
