1624314811464 0.6024580597877502 0
1624314842315 0.5757238864898682 1
1624314872969 0.5613987445831299 2
1624314904681 0.5373561978340149 3
1624314934650 0.53717041015625 4
1624314965303 0.5292343497276306 5
1624314995588 0.5260388255119324 6
1624315025629 0.5162296295166016 7
1624315055977 0.5020747184753418 8
1624315086057 0.5035342574119568 9
1624315115577 0.49355053901672363 10
1624315145737 0.4920029640197754 11
1624315175894 0.47933611273765564 12
1624315207395 0.4739510118961334 13
1624315237053 0.4696122705936432 14
