1624314811465 0.6214285492897034 0
1624314842317 0.6492857336997986 1
1624314872971 0.6807143092155457 2
1624314904683 0.699999988079071 3
1624314934651 0.7014285922050476 4
1624314965305 0.7178571224212646 5
1624314995589 0.7257142663002014 6
1624315025631 0.7250000238418579 7
1624315055978 0.7335714101791382 8
1624315086058 0.7378571629524231 9
1624315115578 0.7528571486473083 10
1624315145738 0.7557142972946167 11
1624315175895 0.7642857432365417 12
1624315207396 0.7628571391105652 13
1624315237054 0.7699999809265137 14
