1624314811466 0.7143164873123169 0
1624314842318 0.7575747966766357 1
1624314872971 0.7762564420700073 2
1624314904685 0.7972999811172485 3
1624314934652 0.8028830289840698 4
1624314965306 0.8098651766777039 5
1624314995590 0.8177194595336914 6
1624315025632 0.8255908489227295 7
1624315055979 0.832356870174408 8
1624315086059 0.8393635153770447 9
1624315115579 0.8453629016876221 10
1624315145739 0.8470795154571533 11
1624315175896 0.8530042767524719 12
1624315207397 0.8570485711097717 13
1624315237055 0.865254282951355 14
