1624314811466 0.6304044127464294 0
1624314842317 0.6620784997940063 1
1624314872971 0.674435555934906 2
1624314904684 0.6893491148948669 3
1624314934651 0.6948904991149902 4
1624314965305 0.6991622447967529 5
1624314995590 0.7050691843032837 6
1624315025631 0.7076689600944519 7
1624315055979 0.7101787328720093 8
1624315086058 0.7152830958366394 9
1624315115578 0.7305296063423157 10
1624315145739 0.7302839756011963 11
1624315175895 0.7385103106498718 12
1624315207397 0.7343999743461609 13
1624315237055 0.7390599250793457 14
