1622908762825 0.605471591368302 0
1622908773151 0.7493332255718096 1
1622908783755 0.7849753495514427 2
1622908794346 0.8044128343974783 3
1622908804854 0.814151782106199 4
1622908815298 0.8223551281015113 5
1622908825669 0.8276085023842237 6
1622908835844 0.8317707912389881 7
1622908846366 0.83488240523721 8
1622908856905 0.8387618200921361 9
1622908867252 0.8428028772326841 10
1622908877567 0.840943990948032 11
1622908887982 0.844904226945769 12
1622908898202 0.8474905035157198 13
1622908908635 0.8497534955144266 14
1622908918998 0.8481774832296128 15
1622908929667 0.8485815889436676 16
1622908940136 0.85088499151378 17
1622908950618 0.8506021175139417 18
1622908961798 0.8511678655136183 19
1622908972844 0.8533500363695142 20
1622908983596 0.8545623535116786 21
1622908995235 0.8531479835124869 22
1622909006247 0.8561383657964924 23
1622909017496 0.8553301543683828 24
1622909027898 0.8573910935100623 25
1622909038503 0.8581184837953608 26
1622909049111 0.8586034106522267 27
1622909059469 0.8573506829386568 28
1622909070080 0.8555322072254101 29
1622909080623 0.858805463509254 30
1622909090863 0.8575123252242787 31
1622909101513 0.8592903903661198 32
1622909111981 0.8580780732239554 33
1622909122753 0.8611492766507718 34
1622909133216 0.8591287480804979 35
1622909143943 0.8632102157924513 36
1622909154707 0.8646649963630486 37
1622909165043 0.8638971955063445 38
1622909175555 0.8653923866483472 39
1622909186069 0.8644225329346157 40
1622909196771 0.864786228077265 41
1622909207111 0.8660389557908349 42
1622909217874 0.8636547320779115 43
1622909228319 0.8669683989331609 44
1622909238842 0.866725935504728 45
1622909249570 0.8676553786470541 46
1622909260172 0.8665238826477006 47
1622909270549 0.8657560817909965 48
1622909281047 0.8673320940758102 49
1622909291644 0.8683827689323527 50
1622909302251 0.8693526226460843 51
1622909312668 0.8705649397882486 52
1622909323291 0.8706053503596541 53
1622909333861 0.8683423583609472 54
1622909344249 0.8701608340741938 55
1622909354979 0.8695546755031116 56
1622909365549 0.8702012446455993 57
1622909375930 0.8700396023599773 58
1622909386741 0.8695142649317061 59
1622909397358 0.8711306877879254 60
1622909407974 0.8721813626444678 61
1622909418327 0.8718984886446295 62
1622909429006 0.8716156146447911 63
1622909439551 0.8730299846439828 64
1622909449862 0.8747676392144185 65
1622909460360 0.8714943829305747 66
1622909471150 0.8708074032166815 67
1622909481601 0.8730299846439828 68
1622909492276 0.8725046472157116 69
1622909502938 0.8736765537864706 70
1622909513573 0.8735957326436595 71
1622909524027 0.8725854683585226 72
1622909534463 0.875656671785339 73
1622909545291 0.871777256930413 74
1622909555710 0.8731916269296048 75
1622909566259 0.8733532692152267 76
1622909576947 0.8740402489291199 77
1622909587622 0.8730299846439828 78
1622909598152 0.8743635335003637 79
1622909608847 0.8730703952153883 80
1622909619685 0.8747676392144185 81
1622909630136 0.8733532692152267 82
1622909640937 0.8727471106441446 83
1622909652333 0.8722217732158732 84
1622909663552 0.8738786066434979 85
1622909675412 0.8746868180716075 86
1622909686755 0.876747757213287 87
1622909697397 0.8752121554998787 88
1622909709095 0.8742423017861473 89
1622909720779 0.8748888709286349 90
1622909731571 0.8732320375010103 91
1622909743009 0.8725450577871171 92
1622909754144 0.873716964357876 93
1622909765123 0.8756970823567445 94
1622909775572 0.8748888709286349 95
1622909786147 0.8763032409278267 96
1622909796554 0.8780408954982624 97
1622909806926 0.8733936797866322 98
1622909817364 0.8760203669279883 99
