1622908762824 0.0012843619454295289 0
1622908773149 0.0010930180795304674 1
1622908783754 0.0009938680363541555 2
1622908794344 0.0009265756051619186 3
1622908804853 0.0008919023083935248 4
1622908815296 0.0008461303237588078 5
1622908825668 0.0008193084817016307 6
1622908835843 0.0007932831165255451 7
1622908846365 0.0007782226984940032 8
1622908856904 0.0007533729678549936 9
1622908867251 0.0007379919309811865 10
1622908877566 0.000729936271469932 11
1622908887981 0.000709796025548189 12
1622908898201 0.000699161612485554 13
1622908908634 0.0006925242236502042 14
1622908918997 0.0006824987228807151 15
1622908929666 0.0006782515583413695 16
1622908940134 0.0006676938658455085 17
1622908950617 0.0006653870244636248 18
1622908961796 0.00066134646374744 19
1622908972842 0.0006509106806464717 20
1622908983595 0.0006442043716824836 21
1622908995234 0.0006463588883436883 22
1622909006245 0.0006436901112087598 23
1622909017494 0.0006324806973454947 24
1622909027897 0.0006288637183645765 25
1622909038502 0.0006247264825564564 26
1622909049109 0.0006219483065950084 27
1622909059468 0.0006263320083077854 28
1622909070078 0.0006269854675217588 29
1622909080622 0.0006226571107425195 30
1622909090861 0.0006182770316510042 31
1622909101512 0.0006114850298701094 32
1622909111979 0.0006182404405267374 33
1622909122751 0.0006088965116201949 34
1622909133215 0.0006065854057097583 35
1622909143942 0.0006020145934410221 36
1622909154705 0.0005885443062247759 37
1622909165042 0.000585426713051623 38
1622909175553 0.0005857516614562007 39
1622909186068 0.0005906625448872218 40
1622909196769 0.000586205921663113 41
1622909207110 0.0005887699685524133 42
1622909217873 0.0005823226878475972 43
1622909228318 0.0005782505008529405 44
1622909238840 0.0005775756196390693 45
1622909249569 0.000583586999528537 46
1622909260171 0.0005758746387809575 47
1622909270548 0.0005749746847584341 48
1622909281046 0.0005763968195235402 49
1622909291642 0.0005669289109807657 50
1622909302250 0.0005669461539594607 51
1622909312666 0.0005627738065450991 52
1622909323290 0.0005605906112003488 53
1622909333860 0.0005682713318196745 54
1622909344248 0.0005634632167825412 55
1622909354977 0.0005628100917698312 56
1622909365547 0.0005612698984514161 57
1622909375928 0.0005573331761753261 58
1622909386740 0.0005624674704411493 59
1622909397357 0.0005590237498254482 60
1622909407973 0.000551422825628848 61
1622909418326 0.0005577439010976676 62
1622909429004 0.0005536319435505092 63
1622909439549 0.0005564849745733007 64
1622909449861 0.0005520138337667455 65
1622909460359 0.0005514308458570038 66
1622909471148 0.0005550838445081367 67
1622909481600 0.0005494495604636164 68
1622909492275 0.0005489898578945093 69
1622909502937 0.0005449863339042756 70
1622909513572 0.0005452287394141241 71
1622909524026 0.0005536477058068499 72
1622909534461 0.0005461240453293471 73
1622909545290 0.0005472409405319459 74
1622909555708 0.0005479356154930733 75
1622909566257 0.0005465799030785147 76
1622909576946 0.0005470883689238474 77
1622909587621 0.0005414488099188463 78
1622909598150 0.0005413347563612175 79
1622909608846 0.0005518822969668108 80
1622909619683 0.0005430230170977316 81
1622909630134 0.0005454638478953075 82
1622909640936 0.000545071824393931 83
1622909652331 0.000550047249013794 84
1622909663550 0.0005432536701642348 85
1622909675410 0.0005409845182545537 86
1622909686754 0.0005428367381308619 87
1622909697396 0.0005486498794655479 88
1622909709094 0.0005431475386819583 89
1622909720778 0.0005414905555707061 90
1622909731569 0.0005498338226675457 91
1622909743008 0.0005456071034173789 92
1622909754143 0.0005451736208944152 93
1622909765122 0.0005402819591544338 94
1622909775571 0.0005399812623204501 95
1622909786146 0.000539572921969285 96
1622909796553 0.0005357162965959752 97
1622909806924 0.0005450889023795698 98
1622909817363 0.0005414157799950685 99
