1622902692672 0.7603249009941001 0
1622902704862 0.81002990382284 1
1622902716938 0.813060696678251 2
1622902729016 0.8192839246746949 3
1622902741012 0.8225571809585388 4
1622902753260 0.8214660955305908 5
1622902765058 0.8221126646730785 6
1622902777162 0.8250626363856784 7
1622902789108 0.8207387052452921 8
1622902801264 0.818960640103451 9
1622902813251 0.824092782671947 10
1622902827280 0.8284167138123333 11
1622902842033 0.828053018669684 12
1622902854497 0.8267194698133031 13
1622902867027 0.8280126080982785 14
1622902880172 0.8324173603814758 15
1622902892489 0.8312858643821224 16
1622902905129 0.8331447506667744 17
1622902917276 0.8330639295239635 18
1622902929891 0.8343570678089388 19
1622902942709 0.8341146043805059 20
1622902955429 0.8347611735229936 21
1622902967294 0.8352461003798594 22
1622902979114 0.83488240523721 23
1622902991220 0.8363371858078074 24
1622903003110 0.8383173038066758 25
1622903015206 0.83783237694981 26
1622903026876 0.8377111452355936 27
1622903038549 0.8381960720924594 28
1622903050523 0.8406207063767882 29
1622903062226 0.8413480966620868 30
1622903073995 0.839933726662895 31
1622903085568 0.8393275680918129 32
1622903097442 0.841024812090843 33
1622903108937 0.8404590640911662 34
1622903120539 0.8395296209488402 35
1622903132235 0.8416309706619252 36
1622903144423 0.8413076860906813 37
1622903156293 0.8402974218055443 38
1622903167823 0.8409844015194374 39
1622903179508 0.8412672755192758 40
1622903191252 0.8423583609472238 41
1622903203029 0.8423987715186293 42
1622903215031 0.8420754869473854 43
1622903226871 0.8425200032328457 44
1622903239042 0.8425200032328457 45
1622903251910 0.8440151943748485 46
1622903263720 0.8421158975187909 47
1622903275513 0.8432473935181444 48
1622903287385 0.8433686252323608 49
1622903299042 0.8447829952315525 50
1622903310841 0.8445001212317143 51
1622903322696 0.8451466903742019 52
1622903334430 0.8441364260890649 53
1622903346527 0.8433686252323608 54
1622903358734 0.8441364260890649 55
1622903370599 0.8444597106603088 56
1622903382552 0.8452679220884183 57
1622903394779 0.8430049300897114 58
1622903406550 0.8450254586599855 59
1622903418141 0.8442980683746868 60
1622903430351 0.8449446375171745 61
1622903442212 0.8451871009456073 62
1622903453954 0.8443788895174977 63
1622903465784 0.8462781863735553 64
1622903477566 0.8447021740887416 65
1622903489334 0.8446213529459307 66
1622903501583 0.8463185969449608 67
1622903513230 0.8453083326598239 68
1622903524900 0.8454295643740403 69
1622903536718 0.8455912066596621 70
1622903548439 0.8453891538026348 71
1622903560588 0.8455912066596621 72
1622903572229 0.8445001212317143 73
1622903584181 0.843893962660632 74
1622903596248 0.8432473935181444 75
1622903608237 0.846924755516043 76
1622903620303 0.8468843449446375 77
1622903632168 0.8453083326598239 78
1622903643925 0.8453083326598239 79
1622903655896 0.8469651660874484 80
1622903667591 0.8461973652307444 81
1622903679569 0.8461165440879334 82
1622903691087 0.8466822920876101 83
1622903702404 0.8484199466580458 84
1622903714161 0.8459549018023115 85
1622903725992 0.8472076295158814 86
1622903738121 0.8457932595166896 87
1622903750013 0.8458336700880951 88
1622903761529 0.8472480400872868 89
1622903773237 0.8457932595166896 90
1622903784987 0.846843934373232 91
1622903797710 0.8454295643740403 92
1622903809257 0.846843934373232 93
1622903821400 0.8453891538026348 94
1622903833094 0.8462377758021499 95
1622903844555 0.8461973652307444 96
1622903856582 0.8475713246585307 97
1622903868559 0.844904226945769 98
1622903880347 0.847773377515558 99
