1622902692670 0.0010253375087974819 0
1622902704861 0.0008162055921797358 1
1622902716937 0.0007930259236635815 2
1622902729014 0.000773778998320908 3
1622902741011 0.0007532589733094798 4
1622902753259 0.0007545778832400538 5
1622902765057 0.0007541663568368448 6
1622902777160 0.0007541693182815531 7
1622902789106 0.0007647215768455217 8
1622902801263 0.000750776576907211 9
1622902813249 0.0007387138731524157 10
1622902827278 0.0007312880896870672 11
1622902842032 0.0007404468241248936 12
1622902854495 0.0007378182547138491 13
1622902867025 0.0007346522198202808 14
1622902880171 0.0007231813052106595 15
1622902892487 0.0007210612684852004 16
1622902905127 0.0007178645039360092 17
1622902917274 0.0007130615235550425 18
1622902929889 0.0007105760874266884 19
1622902942708 0.0007133277332273074 20
1622902955427 0.0007079631550217816 21
1622902967293 0.0007062915838748436 22
1622902979113 0.0007032044855131826 23
1622902991218 0.0006988614551909073 24
1622903003108 0.0006965028180326861 25
1622903015204 0.0006933907370728027 26
1622903026874 0.0006922125999403204 27
1622903038548 0.0006906586905203264 28
1622903050522 0.0006843184312968269 29
1622903062225 0.0006810873156750799 30
1622903073993 0.0006818846464253451 31
1622903085567 0.0006839138815708017 32
1622903097441 0.0006822147770570801 33
1622903108936 0.0006800606253075251 34
1622903120538 0.000682138078168226 35
1622903132234 0.0006805854862840234 36
1622903144421 0.0006806896836141236 37
1622903156292 0.0006815606879791041 38
1622903167822 0.0006810013976486732 39
1622903179507 0.0006696637781591468 40
1622903191251 0.0006728799420378872 41
1622903203028 0.0006738272731540988 42
1622903215029 0.0006717497143124566 43
1622903226870 0.0006692287854077715 44
1622903239040 0.0006723867043290384 45
1622903251909 0.000670653083749705 46
1622903263719 0.0006738326781820983 47
1622903275512 0.000669215182513107 48
1622903287383 0.0006654573946042309 49
1622903299041 0.0006653597741141273 50
1622903310840 0.0006691619150468818 51
1622903322694 0.0006640255655938302 52
1622903334429 0.0006634002949015494 53
1622903346526 0.0006639570230222949 54
1622903358732 0.0006673822469529402 55
1622903370598 0.0006688507273040515 56
1622903382551 0.0006619190763639072 57
1622903394778 0.0006642163806654146 58
1622903406549 0.0006615594998911321 59
1622903418140 0.0006668268779173324 60
1622903430350 0.0006603356440258249 61
1622903442211 0.0006632268245744501 62
1622903453952 0.0006615048366077385 63
1622903465782 0.0006644643387335501 64
1622903477565 0.0006618589586750303 65
1622903489332 0.0006590993594865083 66
1622903501581 0.000662835647716274 67
1622903513228 0.0006636324027973361 68
1622903524898 0.000663406208156335 69
1622903536716 0.0006614327912456648 70
1622903548438 0.0006594503671593243 71
1622903560587 0.0006570877159729565 72
1622903572228 0.000658015041982194 73
1622903584179 0.000660936590887779 74
1622903596247 0.0006600671304724186 75
1622903608235 0.0006608587153696121 76
1622903620302 0.0006565285545057153 77
1622903632167 0.0006630086856893066 78
1622903643924 0.0006587457926148289 79
1622903655895 0.0006553990939377794 80
1622903667590 0.000653926642914361 81
1622903679568 0.0006558509328414848 82
1622903691086 0.0006582539013456645 83
1622903702403 0.0006558957856618471 84
1622903714160 0.0006592145740171744 85
1622903725991 0.0006545475732053694 86
1622903738119 0.0006566825508348752 87
1622903750012 0.000654585827507815 88
1622903761527 0.0006526652661828942 89
1622903773235 0.0006598183739342378 90
1622903784985 0.0006515822806663177 91
1622903797708 0.0006550374074808119 92
1622903809256 0.000654132557861404 93
1622903821399 0.000657183546830349 94
1622903833092 0.0006556059783695683 95
1622903844553 0.0006578259876394276 96
1622903856581 0.0006525331765960049 97
1622903868558 0.0006564988099911137 98
1622903880346 0.0006525476309511855 99
