1622902692673 0.02 0
1622902704863 0.02 1
1622902716939 0.02 2
1622902729017 0.02 3
1622902741013 0.02 4
1622902753261 0.02 5
1622902765059 0.02 6
1622902777163 0.02 7
1622902789109 0.02 8
1622902801265 0.02 9
1622902813252 0.02 10
1622902827281 0.02 11
1622902842034 0.02 12
1622902854498 0.01 13
1622902867028 0.01 14
1622902880173 0.01 15
1622902892490 0.01 16
1622902905130 0.01 17
1622902917277 0.01 18
1622902929892 0.01 19
1622902942710 0.01 20
1622902955430 0.01 21
1622902967295 0.01 22
1622902979115 0.01 23
1622902991221 0.01 24
1622903003111 0.01 25
1622903015207 0.005 26
1622903026877 0.005 27
1622903038550 0.005 28
1622903050524 0.005 29
1622903062227 0.005 30
1622903073996 0.005 31
1622903085569 0.005 32
1622903097443 0.005 33
1622903108938 0.005 34
1622903120540 0.005 35
1622903132236 0.005 36
1622903144423 0.0025 37
1622903156294 0.0025 38
1622903167824 0.0025 39
1622903179509 0.0025 40
1622903191253 0.0025 41
1622903203030 0.0025 42
1622903215032 0.0025 43
1622903226872 0.0025 44
1622903239043 0.0025 45
1622903251911 0.0025 46
1622903263721 0.0025 47
1622903275514 0.00125 48
1622903287385 0.00125 49
1622903299043 0.00125 50
1622903310842 0.00125 51
1622903322697 0.00125 52
1622903334431 0.00125 53
1622903346528 0.00125 54
1622903358735 0.00125 55
1622903370600 0.00125 56
1622903382553 0.00125 57
1622903394780 0.00125 58
1622903406551 0.00125 59
1622903418142 0.000625 60
1622903430352 0.000625 61
1622903442213 0.000625 62
1622903453955 0.000625 63
1622903465785 0.000625 64
1622903477567 0.000625 65
1622903489335 0.000625 66
1622903501584 0.000625 67
1622903513231 0.000625 68
1622903524901 0.000625 69
1622903536719 0.000625 70
1622903548440 0.000625 71
1622903560589 0.000625 72
1622903572230 0.000625 73
1622903584182 0.000625 74
1622903596250 0.000625 75
1622903608238 0.000625 76
1622903620304 0.0003125 77
1622903632169 0.0003125 78
1622903643926 0.0003125 79
1622903655897 0.0003125 80
1622903667592 0.0003125 81
1622903679570 0.0003125 82
1622903691088 0.0003125 83
1622903702405 0.0003125 84
1622903714162 0.0003125 85
1622903725993 0.0003125 86
1622903738122 0.0003125 87
1622903750014 0.00015625 88
1622903761529 0.00015625 89
1622903773238 0.00015625 90
1622903784988 0.00015625 91
1622903797711 0.00015625 92
1622903809258 0.00015625 93
1622903821401 0.00015625 94
1622903833095 0.00015625 95
1622903844556 0.00015625 96
1622903856583 0.00015625 97
1622903868560 0.00015625 98
1622903880348 7.8125e-05 99
