1622904919721 0.7879657318354482 0
1622904930237 0.8345995312373717 1
1622904940653 0.8440960155176594 2
1622904951036 0.8474096823729087 3
1622904961398 0.8481774832296128 4
1622904971772 0.850965812656591 5
1622904982351 0.8499959589428594 6
1622904992522 0.8512890972278349 7
1622905002888 0.851895255798917 8
1622905013313 0.852905520084054 9
1622905023705 0.8512890972278349 10
1622905034179 0.8533904469409197 11
1622905044613 0.855855491796654 12
1622905054997 0.8560575446536814 13
1622905065381 0.8558959023680595 14
1622905075829 0.8558150812252485 15
1622905086508 0.8551281015113553 16
1622905097075 0.8568657560817909 17
1622905107465 0.8543198900832458 18
1622905118029 0.8578356097955225 19
1622905128209 0.8556130283682212 20
1622905138861 0.8584417683666047 21
1622905149240 0.8591691586519034 22
1622905159567 0.8583205366523883 23
1622905170020 0.8620383092216924 24
1622905180676 0.8587246423664431 25
1622905190879 0.861755435221854 26
1622905201229 0.8615129717934211 27
1622905211638 0.8581993049381719 28
1622905222037 0.8591691586519034 29
1622905232533 0.8601794229370403 30
1622905242983 0.8588458740806595 31
1622905253463 0.8612705083649883 32
1622905264085 0.8623211832215307 33
1622905274665 0.8638163743635335 34
1622905285137 0.865796492362402 35
1622905295430 0.8635739109351006 36
1622905305867 0.8656752606481856 37
1622905316551 0.8640992483633718 38
1622905326987 0.8643013012203993 39
1622905337251 0.8637355532207226 40
1622905347747 0.8667663460761336 41
1622905358305 0.8637355532207226 42
1622905368648 0.8644629435060212 43
1622905379110 0.866645114361917 44
1622905389725 0.8680190737897033 45
1622905400010 0.8684635900751637 46
1622905410659 0.8688676957892184 47
1622905421172 0.868746464075002 48
1622905431546 0.8684635900751637 49
1622905442067 0.8683019477895417 50
1622905452638 0.867736199789865 51
1622905463032 0.8689485169320295 52
1622905473561 0.8702416552170048 53
1622905484182 0.8668471672189445 54
1622905494570 0.8690697486462459 55
1622905504893 0.8704437080740322 56
1622905515455 0.8699991917885719 57
1622905525958 0.868746464075002 58
1622905536308 0.8699991917885719 59
1622905546844 0.8711710983593308 60
1622905557183 0.8693122120746787 61
1622905567713 0.8718176675018184 62
1622905577897 0.8710902772165199 63
1622905588485 0.8704841186454376 64
1622905599152 0.8714539723591691 65
1622905609545 0.8711710983593308 66
1622905619860 0.8703224763598157 67
1622905630374 0.8724642366443062 68
1622905640759 0.8732320375010103 69
1622905651619 0.8730299846439828 70
1622905662312 0.8735957326436595 71
1622905672947 0.8729491635011719 72
1622905683312 0.8728279317869555 73
1622905693870 0.8730703952153883 74
1622905704322 0.871777256930413 75
1622905714726 0.87278752121555 76
1622905725229 0.8723430049300898 77
1622905735699 0.8732724480724158 78
1622905745983 0.8740402489291199 79
1622905756485 0.8742827123575527 80
1622905766993 0.8734745009294431 81
1622905777438 0.8733128586438212 82
1622905787729 0.8736361432150651 83
1622905798208 0.872706700072739 84
1622905808680 0.8730299846439828 85
1622905819241 0.8733532692152267 86
1622905829779 0.8735149115008486 87
1622905840214 0.871938899216035 88
1622905850513 0.8740806595005254 89
1622905860980 0.8731108057867938 90
1622905871456 0.8735957326436595 91
1622905881834 0.8722217732158732 92
1622905892220 0.872625878929928 93
1622905902779 0.8752121554998787 94
1622905913422 0.8729491635011719 95
1622905923919 0.8745251757859857 96
1622905934477 0.8761820092136103 97
1622905944987 0.8752525660712842 98
1622905955329 0.8754142083569062 99
