1622904919720 0.0009359678698079353 0
1622904930235 0.0007084702810512386 1
1622904940651 0.0006783691020440835 2
1622904951034 0.0006634013378503568 3
1622904961397 0.000646443671892293 4
1622904971771 0.0006391435986837728 5
1622904982350 0.0006390204235392304 6
1622904992521 0.0006350036459097064 7
1622905002887 0.0006304214250335194 8
1622905013311 0.0006286236209510206 9
1622905023703 0.0006250253849404135 10
1622905034178 0.0006207663963001547 11
1622905044611 0.000614504158318616 12
1622905054996 0.0006145861044683867 13
1622905065380 0.0006145040812415679 14
1622905075828 0.0006132651026185536 15
1622905086506 0.0006159273679472448 16
1622905097073 0.0006065250363161461 17
1622905107463 0.000614469194242662 18
1622905118028 0.0006105005536383476 19
1622905128208 0.0006113146293773171 20
1622905138860 0.0006070942322515896 21
1622905149239 0.0006020792713211915 22
1622905159566 0.0005976633237027355 23
1622905170018 0.0005918763126916915 24
1622905180675 0.000595210660373944 25
1622905190878 0.0005913531010435901 26
1622905201227 0.0005931556537948506 27
1622905211636 0.0005984663647783706 28
1622905222036 0.0005994312538052784 29
1622905232532 0.0005928992774678657 30
1622905242982 0.0005931445257960281 31
1622905253461 0.0005911993786992497 32
1622905264084 0.0005833864631142582 33
1622905274664 0.000579834532344639 34
1622905285136 0.0005791479456562489 35
1622905295428 0.0005805222655541199 36
1622905305865 0.0005736425151669256 37
1622905316550 0.0005729984834394005 38
1622905326985 0.00057970676930924 39
1622905337250 0.0005776900224520724 40
1622905347745 0.0005729158008425217 41
1622905358304 0.0005800345791992293 42
1622905368647 0.0005721402750687371 43
1622905379109 0.0005644861616872888 44
1622905389724 0.0005631220557026226 45
1622905400009 0.0005674270918574896 46
1622905410658 0.0005608995637087837 47
1622905421171 0.0005637887125545934 48
1622905431545 0.0005611955955748627 49
1622905442066 0.0005584908565775055 50
1622905452637 0.0005586962127159496 51
1622905463031 0.0005548920665756151 52
1622905473560 0.0005556818793028663 53
1622905484181 0.0005648891036342632 54
1622905494569 0.0005523002219693428 55
1622905504892 0.0005496325070524836 56
1622905515454 0.0005527269397770049 57
1622905525957 0.0005495094553516511 58
1622905536307 0.0005522517525493631 59
1622905546843 0.0005525437776132687 60
1622905557181 0.0005500610506227232 61
1622905567712 0.0005492019173274822 62
1622905577896 0.0005487932168819829 63
1622905588484 0.0005518311882600974 64
1622905599151 0.0005469121141883845 65
1622905609544 0.000547802543775985 66
1622905619859 0.0005456110385619841 67
1622905630372 0.0005423628034052521 68
1622905640758 0.0005401654873044202 69
1622905651618 0.0005426080679918544 70
1622905662311 0.000538731310454874 71
1622905672945 0.0005431212529998911 72
1622905683311 0.000542908472173921 73
1622905693869 0.0005410981159737027 74
1622905704320 0.0005403813445885064 75
1622905714724 0.0005421997511251023 76
1622905725227 0.000540221565674244 77
1622905735697 0.0005353512259748637 78
1622905745982 0.0005364129888079714 79
1622905756484 0.000543587322253606 80
1622905766991 0.0005423604043821293 81
1622905777437 0.0005425320073973051 82
1622905787727 0.0005396494347893276 83
1622905798207 0.0005424089442553483 84
1622905808679 0.0005418443175436637 85
1622905819239 0.0005394096998787636 86
1622905829778 0.0005391697698669214 87
1622905840213 0.0005383320489369474 88
1622905850512 0.0005371077197703916 89
1622905860979 0.0005365777048684646 90
1622905871455 0.0005391253638525725 91
1622905881832 0.0005365276933053582 92
1622905892218 0.000538605720028769 93
1622905902777 0.0005331845883456774 94
1622905913421 0.0005338416394705261 95
1622905923918 0.0005365827702757209 96
1622905934476 0.0005319818931409018 97
1622905944985 0.0005324216158939411 98
1622905955327 0.000535761536005907 99
