1624314344002 0.5804566740989685 0
1624314360637 0.7263491749763489 1
1624314377834 0.7566249370574951 2
1624314396507 0.7715200185775757 3
1624314413687 0.788877010345459 4
1624314431703 0.790357232093811 5
1624314449208 0.8077504634857178 6
1624314466525 0.8107234835624695 7
1624314483801 0.8201622366905212 8
1624314502649 0.8108043670654297 9
1624314522225 0.8252288103103638 10
1624314541587 0.8352553844451904 11
1624314559788 0.8357781767845154 12
1624314577614 0.8381113409996033 13
1624314594876 0.8388609886169434 14
1624314612927 0.8398597836494446 15
1624314631529 0.8578152656555176 16
1624314651162 0.8457749485969543 17
