1624314344001 0.5714285969734192 0
1624314360636 0.6514285802841187 1
1624314377833 0.6642857193946838 2
1624314396506 0.6785714030265808 3
1624314413686 0.6850000023841858 4
1624314431702 0.7007142901420593 5
1624314449208 0.7200000286102295 6
1624314466524 0.7135714292526245 7
1624314483800 0.7328571677207947 8
1624314502648 0.7228571176528931 9
1624314522224 0.741428554058075 10
1624314541586 0.7428571581840515 11
1624314559787 0.7378571629524231 12
1624314577613 0.7407143115997314 13
1624314594875 0.7535714507102966 14
1624314612926 0.7457143068313599 15
1624314631528 0.7714285850524902 16
1624314651161 0.7621428370475769 17
