1624314344001 0.5184590220451355 0
1624314360636 0.6385184526443481 1
1624314377833 0.6579330563545227 2
1624314396506 0.6767241358757019 3
1624314413687 0.674538791179657 4
1624314431702 0.6889383792877197 5
1624314449208 0.7007633447647095 6
1624314466525 0.6908249258995056 7
1624314483800 0.7105263471603394 8
1624314502649 0.6959247589111328 9
1624314522225 0.7163009643554688 10
1624314541586 0.7133757472038269 11
1624314559787 0.7126075625419617 12
1624314577613 0.7148468494415283 13
1624314594876 0.7259729504585266 14
1624314612926 0.7152000665664673 15
1624314631528 0.7435897588729858 16
1624314651161 0.732099711894989 17
