1624314344000 0.707557737827301 0
1624314360635 0.6085191369056702 1
1624314377831 0.5913125872612 2
1624314396505 0.5848312973976135 3
1624314413685 0.5643578767776489 4
1624314431701 0.5618313550949097 5
1624314449206 0.5356520414352417 6
1624314466523 0.533796489238739 7
1624314483799 0.5323068499565125 8
1624314502647 0.5329098105430603 9
1624314522223 0.5128929018974304 10
1624314541584 0.5036047101020813 11
1624314559785 0.5007773041725159 12
1624314577612 0.49544811248779297 13
1624314594874 0.5006771683692932 14
1624314612925 0.4950113594532013 15
1624314631526 0.47656822204589844 16
1624314651159 0.48679256439208984 17
