1624313272255 0.6517060399055481 0
1624313292144 0.5834498405456543 1
1624313312808 0.5791656970977783 2
1624313333545 0.548576831817627 3
1624313353842 0.5342071056365967 4
1624313373368 0.5263040661811829 5
1624313392262 0.5174919366836548 6
1624313412387 0.4868253767490387 7
1624313432184 0.48116517066955566 8
1624313452421 0.46869000792503357 9
1624313471522 0.45978447794914246 10
1624313490084 0.45466604828834534 11
1624313509110 0.4489058256149292 12
1624313527933 0.4132821261882782 13
1624313547157 0.41912874579429626 14
1624313565855 0.3873175382614136 15
