1624313272256 0.5801640748977661 0
1624313292146 0.6775106191635132 1
1624313312810 0.6900500655174255 2
1624313333547 0.6911976337432861 3
1624313353844 0.7064973711967468 4
1624313373373 0.7197595834732056 5
1624313392264 0.7117870450019836 6
1624313412390 0.7206106781959534 7
1624313432186 0.7450980544090271 8
1624313452423 0.7399842143058777 9
1624313471524 0.7542304396629333 10
1624313490086 0.7520129680633545 11
1624313509111 0.7652315497398376 12
1624313527935 0.7692307233810425 13
1624313547159 0.7807228565216064 14
1624313565856 0.7942904829978943 15
