1624313272257 0.6548639535903931 0
1624313292146 0.7703763842582703 1
1624313312810 0.7876524329185486 2
1624313333547 0.8071987628936768 3
1624313353845 0.819450855255127 4
1624313373373 0.8284958004951477 5
1624313392264 0.8336431980133057 6
1624313412390 0.8569293022155762 7
1624313432186 0.8592718839645386 8
1624313452423 0.8656823635101318 9
1624313471524 0.8773764967918396 10
1624313490086 0.8800151944160461 11
1624313509112 0.8800129890441895 12
1624313527935 0.8971613645553589 13
1624313547159 0.8961113691329956 14
1624313565857 0.9144416451454163 15
