1624313272256 0.5978571176528931 0
1624313292145 0.6742857098579407 1
1624313312809 0.6907142996788025 2
1624313333546 0.6942856907844543 3
1624313353844 0.7192857265472412 4
1624313373373 0.7335714101791382 5
1624313392264 0.729285717010498 6
1624313412389 0.7385714054107666 7
1624313432185 0.7678571343421936 8
1624313452423 0.7635714411735535 9
1624313471523 0.7821428775787354 10
1624313490085 0.7799999713897705 11
1624313509111 0.793571412563324 12
1624313527934 0.7964285612106323 13
1624313547158 0.8050000071525574 14
1624313565856 0.824999988079071 15
