1624316504897 0.0003 0
1624316518730 0.0003 1
1624316533652 0.0003 2
1624316548666 0.0003 3
1624316563344 0.0003 4
1624316577627 0.0003 5
1624316591311 0.0003 6
1624316605784 0.0003 7
1624316619664 0.0003 8
1624316633168 0.0003 9
1624316647509 0.0003 10
1624316661947 0.0003 11
1624316676536 0.0003 12
1624316691270 0.0003 13
1624316706186 0.0003 14
1624316720723 0.0003 15
1624316734274 0.0003 16
1624316747867 0.0003 17
1624316761619 0.0003 18
1624316776084 0.0003 19
1624316790070 0.0003 20
1624316804156 0.0003 21
1624316819105 0.0003 22
1624316833046 0.0003 23
1624316847431 0.00015 24
1624316861847 0.00015 25
1624316876998 0.00015 26
1624316892229 0.00015 27
