1624316504898 0.5335714221000671 0
1624316518731 0.5635714530944824 1
1624316533653 0.5799999833106995 2
1624316548666 0.6057142615318298 3
1624316563344 0.6178571581840515 4
1624316577627 0.6342856884002686 5
1624316591311 0.645714282989502 6
1624316605785 0.6578571200370789 7
1624316619665 0.6621428728103638 8
1624316633168 0.6635714173316956 9
1624316647510 0.6757143139839172 10
1624316661948 0.6800000071525574 11
1624316676537 0.6850000023841858 12
1624316691270 0.6842857003211975 13
1624316706187 0.6964285969734192 14
1624316720723 0.7014285922050476 15
1624316734274 0.7057142853736877 16
1624316747868 0.6992856860160828 17
1624316761620 0.7035714387893677 18
1624316776085 0.7157142758369446 19
1624316790070 0.7114285826683044 20
1624316804156 0.7171428799629211 21
1624316819106 0.7235714197158813 22
1624316833047 0.7235714197158813 23
1624316847431 0.727142870426178 24
1624316861847 0.7264285683631897 25
1624316876998 0.7300000190734863 26
1624316892230 0.7285714149475098 27
