1624316504899 0.5351133346557617 0
1624316518732 0.5825713872909546 1
1624316533654 0.61846524477005 2
1624316548667 0.6538182497024536 3
1624316563345 0.6704042553901672 4
1624316577628 0.6856955289840698 5
1624316591312 0.696179986000061 6
1624316605786 0.7094926834106445 7
1624316619666 0.717860221862793 8
1624316633169 0.7249096035957336 9
1624316647511 0.7336966395378113 10
1624316661949 0.7400879263877869 11
1624316676538 0.7450777292251587 12
1624316691271 0.7502082586288452 13
1624316706188 0.7553364634513855 14
1624316720724 0.7600793242454529 15
1624316734275 0.7658188343048096 16
1624316747869 0.7703338265419006 17
1624316761621 0.7733962535858154 18
1624316776086 0.7791165709495544 19
1624316790071 0.78298419713974 20
1624316804157 0.7863107323646545 21
1624316819107 0.7909982204437256 22
1624316833048 0.794248104095459 23
1624316847433 0.7980730533599854 24
1624316861848 0.7984563112258911 25
1624316876999 0.8019469380378723 26
1624316892230 0.8003603219985962 27
