1624316504896 0.7230440378189087 0
1624316518730 0.7003540992736816 1
1624316533651 0.6768132448196411 2
1624316548665 0.6597314476966858 3
1624316563343 0.6403293609619141 4
1624316577626 0.6309421062469482 5
1624316591310 0.6268417239189148 6
1624316605783 0.6280907392501831 7
1624316619663 0.6130162477493286 8
1624316633167 0.6089973449707031 9
1624316647508 0.5994927883148193 10
1624316661946 0.6030571460723877 11
1624316676535 0.5993108749389648 12
1624316691269 0.5910779237747192 13
1624316706185 0.5961662530899048 14
1624316720722 0.5844372510910034 15
1624316734273 0.5789694786071777 16
1624316747866 0.5769221782684326 17
1624316761618 0.5748913288116455 18
1624316776083 0.5707089304924011 19
1624316790069 0.5688893795013428 20
1624316804155 0.5615004897117615 21
1624316819105 0.5620647072792053 22
1624316833045 0.5585637092590332 23
1624316847430 0.5532504916191101 24
1624316861846 0.5443228483200073 25
1624316876997 0.5410444736480713 26
1624316892228 0.5519083738327026 27
