1624316504898 0.4796812832355499 0
1624316518731 0.5139220952987671 1
1624316533653 0.5288462042808533 2
1624316548667 0.5576923489570618 3
1624316563345 0.5682001709938049 4
1624316577628 0.5816993117332458 5
1624316591312 0.590082585811615 6
1624316605785 0.5998328924179077 7
1624316619665 0.6035205125808716 8
1624316633169 0.6038687825202942 9
1624316647510 0.6152542233467102 10
1624316661948 0.6209814548492432 11
1624316676537 0.6253185868263245 12
1624316691271 0.6228668689727783 13
1624316706188 0.6351931691169739 14
1624316720724 0.6415094137191772 15
1624316734275 0.6442141532897949 16
1624316747869 0.6361278891563416 17
1624316761621 0.6406926512718201 18
1624316776085 0.6520978808403015 19
1624316790071 0.6468531489372253 20
1624316804157 0.6514084935188293 21
1624316819106 0.6584289073944092 22
1624316833047 0.6584289073944092 23
1624316847432 0.6643233895301819 24
1624316861848 0.6631486415863037 25
1624316876999 0.6672535538673401 26
1624316892230 0.6660808324813843 27
