1624305173196 0.0003 0
1624305198080 0.0003 1
1624305223152 0.0003 2
1624305249329 0.0003 3
1624305275572 0.0003 4
1624305299767 0.0003 5
1624305325036 0.0003 6
1624305350710 0.0003 7
1624305374957 0.0003 8
1624305400492 0.0003 9
1624305427020 0.0003 10
1624305452619 0.0003 11
1624305478705 0.0003 12
1624305503931 0.0003 13
1624305528982 0.0003 14
1624305554582 0.0003 15
1624305580905 0.0003 16
1624305606172 0.0003 17
1624305633596 0.0003 18
1624305658826 0.0003 19
1624305683826 0.0003 20
1624305708813 0.0003 21
1624305734364 0.0003 22
