1624305173197 0.5992857217788696 0
1624305198081 0.5992857217788696 1
1624305223153 0.6071428656578064 2
1624305249330 0.6035714149475098 3
1624305275572 0.625 4
1624305299767 0.631428599357605 5
1624305325037 0.6307142972946167 6
1624305350710 0.6357142925262451 7
1624305374958 0.6650000214576721 8
1624305400492 0.6357142925262451 9
1624305427020 0.6492857336997986 10
1624305452620 0.6578571200370789 11
1624305478705 0.6521428823471069 12
1624305503932 0.6392857432365417 13
1624305528983 0.6507142782211304 14
1624305554583 0.6728571653366089 15
1624305580906 0.6585714221000671 16
1624305606173 0.6607142686843872 17
1624305633597 0.677142858505249 18
1624305658826 0.6778571605682373 19
1624305683827 0.677142858505249 20
1624305708813 0.6757143139839172 21
1624305734365 0.677142858505249 22
