1624305173195 0.7017821669578552 0
1624305198079 0.6740198135375977 1
1624305223151 0.6647962927818298 2
1624305249329 0.650273859500885 3
1624305275571 0.6433926224708557 4
1624305299766 0.6280580163002014 5
1624305325036 0.6149885058403015 6
1624305350709 0.6220583319664001 7
1624305374956 0.5994622707366943 8
1624305400491 0.6070203185081482 9
1624305427019 0.5946157574653625 10
1624305452619 0.5935712456703186 11
1624305478704 0.5880118608474731 12
1624305503930 0.5885301232337952 13
1624305528981 0.5874691009521484 14
1624305554581 0.5649659633636475 15
1624305580905 0.5759613513946533 16
1624305606171 0.5752806663513184 17
1624305633595 0.5633003115653992 18
1624305658825 0.566689670085907 19
1624305683826 0.5732952356338501 20
1624305708812 0.569065511226654 21
1624305734364 0.5633228421211243 22
