1624305173197 0.5352113246917725 0
1624305198081 0.5420408844947815 1
1624305223153 0.5676100254058838 2
1624305249330 0.5779467821121216 3
1624305275573 0.6079163551330566 4
1624305299768 0.6222547292709351 5
1624305325037 0.6245461106300354 6
1624305350711 0.6304347515106201 7
1624305374958 0.6657163500785828 8
1624305400493 0.639830470085144 9
1624305427021 0.6480286121368408 10
1624305452620 0.6619619131088257 11
1624305478706 0.6563161611557007 12
1624305503932 0.6420978307723999 13
1624305528983 0.6544169783592224 14
1624305554583 0.670976996421814 15
1624305580907 0.6566092371940613 16
1624305606174 0.6580273509025574 17
1624305633598 0.6695906519889832 18
1624305658827 0.6705624461174011 19
1624305683827 0.6671575903892517 20
1624305708814 0.6651917695999146 21
1624305734366 0.6636905074119568 22
