1624305173197 0.5870523452758789 0
1624305198082 0.657320499420166 1
1624305223154 0.6651843786239624 2
1624305249331 0.6722421646118164 3
1624305275573 0.6954410076141357 4
1624305299769 0.7032952904701233 5
1624305325038 0.7136561870574951 6
1624305350711 0.7057295441627502 7
1624305374959 0.7364674210548401 8
1624305400494 0.7209184169769287 9
1624305427021 0.7337328195571899 10
1624305452621 0.7396076917648315 11
1624305478706 0.745799720287323 12
1624305503933 0.7409248352050781 13
1624305528984 0.75217604637146 14
1624305554584 0.770141065120697 15
1624305580907 0.7531493306159973 16
1624305606175 0.7603306174278259 17
1624305633599 0.7781540751457214 18
1624305658827 0.7665727138519287 19
1624305683828 0.7609695196151733 20
1624305708814 0.7678207755088806 21
1624305734367 0.7669540047645569 22
