1624292541680 0.0003 0
1624292560237 0.0003 1
1624292578999 0.0003 2
1624292597580 0.0003 3
1624292615990 0.0003 4
1624292634234 0.0003 5
1624292652469 0.0003 6
1624292670762 0.0003 7
1624292689290 0.0003 8
1624292708128 0.0003 9
1624292726929 0.0003 10
1624292745748 0.0003 11
1624292764722 0.0003 12
1624292784373 0.0003 13
1624292803437 0.0003 14
1624292822724 0.0003 15
1624292841971 0.0003 16
1624292861328 0.0003 17
1624292880853 0.0003 18
1624292900427 0.0003 19
1624292919969 0.0003 20
1624292939601 0.0003 21
1624292960337 0.0003 22
1624292980412 0.0003 23
1624292999897 0.0003 24
1624293019482 0.0003 25
