1624292541682 0.5968403220176697 0
1624292560238 0.6858615875244141 1
1624292579001 0.7348487973213196 2
1624292597581 0.7591208815574646 3
1624292615991 0.7752746939659119 4
1624292634235 0.7845771312713623 5
1624292652470 0.7913219332695007 6
1624292670764 0.7931982278823853 7
1624292689291 0.8020427823066711 8
1624292708129 0.8027392625808716 9
1624292726931 0.8070753216743469 10
1624292745753 0.8106234073638916 11
1624292764727 0.8159753084182739 12
1624292784378 0.8207308650016785 13
1624292803439 0.8233866095542908 14
1624292822725 0.8252245187759399 15
1624292841972 0.8328360915184021 16
1624292861329 0.8334941267967224 17
1624292880854 0.8367887735366821 18
1624292900428 0.8447070121765137 19
1624292919974 0.8422812819480896 20
1624292939603 0.848044216632843 21
1624292960339 0.8482592105865479 22
1624292980413 0.8530638813972473 23
1624292999899 0.8582221269607544 24
1624293019484 0.8580197095870972 25
