1624292541681 0.5671641826629639 0
1624292560238 0.6525529623031616 1
1624292579000 0.6674877405166626 2
1624292597581 0.6691823601722717 3
1624292615990 0.6795119047164917 4
1624292634235 0.6868023872375488 5
1624292652470 0.6942934393882751 6
1624292670763 0.6978021264076233 7
1624292689291 0.6982578039169312 8
1624292708129 0.6988635659217834 9
1624292726930 0.7027027606964111 10
1624292745753 0.7058823108673096 11
1624292764727 0.704693078994751 12
1624292784378 0.7092511057853699 13
1624292803438 0.7073347568511963 14
1624292822725 0.7069219350814819 15
1624292841972 0.7182155847549438 16
1624292861329 0.7181409597396851 17
1624292880854 0.7163498401641846 18
1624292900428 0.7261815667152405 19
1624292919974 0.7194570302963257 20
1624292939602 0.7252918481826782 21
1624292960338 0.7257318496704102 22
1624292980413 0.7384132146835327 23
1624292999898 0.7329678535461426 24
1624293019483 0.7413930892944336 25
