1624292541681 0.5235714316368103 0
1624292560238 0.6014285683631897 1
1624292579000 0.6142857074737549 2
1624292597580 0.6242856979370117 3
1624292615990 0.6435714364051819 4
1624292634234 0.6592857241630554 5
1624292652470 0.6785714030265808 6
1624292670763 0.6857143044471741 7
1624292689290 0.6907142996788025 8
1624292708128 0.6971428394317627 9
1624292726930 0.7014285922050476 10
1624292745752 0.7107142806053162 11
1624292764727 0.7078571319580078 12
1624292784377 0.7171428799629211 13
1624292803438 0.7121428847312927 14
1624292822724 0.7157142758369446 15
1624292841972 0.729285717010498 16
1624292861328 0.7314285635948181 17
1624292880853 0.7335714101791382 18
1624292900427 0.7392857074737549 19
1624292919973 0.7342857122421265 20
1624292939602 0.7478571534156799 21
1624292960338 0.7457143068313599 22
1624292980413 0.7621428370475769 23
1624292999898 0.756428599357605 24
1624293019483 0.7692857384681702 25
