1624292541680 0.7229101657867432 0
1624292560236 0.6520969867706299 1
1624292578999 0.6248450875282288 2
1624292597579 0.6096401810646057 3
1624292615989 0.596853494644165 4
1624292634233 0.587694525718689 5
1624292652468 0.578085720539093 6
1624292670761 0.5724554061889648 7
1624292689289 0.5614269971847534 8
1624292708127 0.5573235154151917 9
1624292726929 0.5508272647857666 10
1624292745747 0.5463520884513855 11
1624292764722 0.5390598177909851 12
1624292784373 0.530981183052063 13
1624292803437 0.5271638035774231 14
1624292822723 0.5227716565132141 15
1624292841970 0.5112529397010803 16
1624292861327 0.5092334151268005 17
1624292880852 0.5038160085678101 18
1624292900426 0.49558356404304504 19
1624292919968 0.49478578567504883 20
1624292939601 0.4882718026638031 21
1624292960337 0.48356854915618896 22
1624292980411 0.4780806601047516 23
1624292999897 0.47327443957328796 24
1624293019481 0.4697190225124359 25
