1624306978648 0.0003 0
1624307003717 0.0003 1
1624307028703 0.0003 2
1624307055303 0.0003 3
1624307082417 0.0003 4
1624307106990 0.0003 5
1624307132759 0.0003 6
1624307160851 0.0003 7
1624307189940 0.0003 8
1624307218068 0.0003 9
1624307246124 0.0003 10
1624307274352 0.0003 11
1624307302647 0.0003 12
1624307328076 0.0003 13
1624307355552 0.0003 14
1624307384315 0.0003 15
1624307410768 0.0003 16
1624307435878 0.0003 17
1624307461245 0.0003 18
1624307489517 0.0003 19
1624307520874 0.0003 20
1624307549759 0.0003 21
1624307575824 0.0003 22
1624307601726 0.0003 23
1624307629116 0.0003 24
1624307657355 0.0003 25
1624307687618 0.0003 26
1624307714727 0.0003 27
1624307743699 0.0003 28
1624307771205 0.0003 29
1624307800421 0.0003 30
1624307828625 0.0003 31
1624307856617 0.0003 32
1624307884552 0.0003 33
1624307911756 0.0003 34
1624307939776 0.0003 35
1624307967843 0.0003 36
1624307999202 0.0003 37
1624308036184 0.0003 38
1624308079831 0.0003 39
1624308120564 0.00015 40
