1624306978647 0.633516252040863 0
1624307003716 0.6097857356071472 1
1624307028702 0.6061748266220093 2
1624307055301 0.5922091007232666 3
1624307082416 0.5954230427742004 4
1624307106989 0.57773357629776 5
1624307132757 0.5847020745277405 6
1624307160850 0.5737730860710144 7
1624307189939 0.5731463432312012 8
1624307218067 0.5743982195854187 9
1624307246123 0.5748476982116699 10
1624307274350 0.5700440406799316 11
1624307302646 0.5653716921806335 12
1624307328075 0.5662786960601807 13
1624307355551 0.5640038847923279 14
1624307384314 0.5555583238601685 15
1624307410767 0.5581017136573792 16
1624307435877 0.5578120350837708 17
1624307461244 0.5468573570251465 18
1624307489516 0.5421417951583862 19
1624307520873 0.5437067151069641 20
1624307549758 0.5437677502632141 21
1624307575823 0.53665691614151 22
1624307601725 0.5340555906295776 23
1624307629115 0.5377414226531982 24
1624307657354 0.5278506875038147 25
1624307687617 0.5262055993080139 26
1624307714726 0.5292502045631409 27
1624307743698 0.5292285084724426 28
1624307771204 0.5254047513008118 29
1624307800420 0.521852970123291 30
1624307828624 0.5205931067466736 31
1624307856616 0.5193819999694824 32
1624307884551 0.5234450697898865 33
1624307911755 0.5137329697608948 34
1624307939774 0.518366277217865 35
1624307967841 0.5101653337478638 36
1624307999200 0.5076301693916321 37
1624308036182 0.5124380588531494 38
1624308079828 0.5092965960502625 39
1624308120563 0.5030975341796875 40
