1624306978649 0.5601317882537842 0
1624307003718 0.571206271648407 1
1624307028704 0.6171761751174927 2
1624307055304 0.6397734880447388 3
1624307082418 0.6284916400909424 4
1624307106991 0.6545454263687134 5
1624307132760 0.6446629166603088 6
1624307160852 0.6531184315681458 7
1624307189942 0.6555956602096558 8
1624307218069 0.652886688709259 9
1624307246126 0.6661941409111023 10
1624307274353 0.6541244387626648 11
1624307302648 0.6602373719215393 12
1624307328077 0.6534216403961182 13
1624307355554 0.6450640559196472 14
1624307384316 0.6572909355163574 15
1624307410770 0.6532738208770752 16
1624307435880 0.6661665439605713 17
1624307461246 0.6746626496315002 18
1624307489519 0.6773700714111328 19
1624307520875 0.6640746593475342 20
1624307549760 0.6713948249816895 21
1624307575825 0.6618357300758362 22
1624307601728 0.6776471138000488 23
1624307629117 0.6677419543266296 24
1624307657357 0.6741035580635071 25
1624307687619 0.6761678457260132 26
1624307714728 0.6737013459205627 27
1624307743701 0.6710097193717957 28
1624307771206 0.6747572422027588 29
1624307800423 0.6790923476219177 30
1624307828626 0.689935028553009 31
1624307856619 0.6813725829124451 32
1624307884557 0.6823338270187378 33
1624307911758 0.6939102411270142 34
1624307939777 0.6797385811805725 35
1624307967845 0.6818182468414307 36
1624307999203 0.6820427775382996 37
1624308036186 0.6912972331047058 38
1624308079834 0.6827644109725952 39
1624308120566 0.6865177750587463 40
