1624306978649 0.6726191639900208 0
1624307003718 0.6875930428504944 1
1624307028705 0.687624990940094 2
1624307055305 0.7034891247749329 3
1624307082419 0.6953238844871521 4
1624307106992 0.7279294729232788 5
1624307132761 0.7128491401672363 6
1624307160853 0.7369849681854248 7
1624307189942 0.7355111241340637 8
1624307218071 0.7375046014785767 9
1624307246126 0.7337435483932495 10
1624307274355 0.7491582632064819 11
1624307302649 0.7550362348556519 12
1624307328078 0.7456101775169373 13
1624307355555 0.7586311101913452 14
1624307384317 0.7602497339248657 15
1624307410770 0.7529298663139343 16
1624307435880 0.7621216773986816 17
1624307461247 0.7754258513450623 18
1624307489519 0.7806627750396729 19
1624307520876 0.7766929864883423 20
1624307549761 0.7805797457695007 21
1624307575826 0.7813528180122375 22
1624307601729 0.7836955785751343 23
1624307629118 0.7881423234939575 24
1624307657358 0.7871604561805725 25
1624307687620 0.7896884679794312 26
1624307714729 0.7918202877044678 27
1624307743702 0.793076753616333 28
1624307771207 0.7993337512016296 29
1624307800424 0.7955770492553711 30
1624307828627 0.8029202222824097 31
1624307856620 0.804336428642273 32
1624307884558 0.7995723485946655 33
1624307911758 0.8055503964424133 34
1624307939777 0.8004902601242065 35
1624307967847 0.8090985417366028 36
1624307999204 0.8101974129676819 37
1624308036188 0.805908203125 38
1624308079835 0.8099098801612854 39
1624308120567 0.8113836050033569 40
