1624306978648 0.618571400642395 0
1624307003717 0.6064285635948181 1
1624307028704 0.6242856979370117 2
1624307055303 0.6364285945892334 3
1624307082418 0.6200000047683716 4
1624307106991 0.6471428275108337 5
1624307132759 0.6385714411735535 6
1624307160851 0.6464285850524902 7
1624307189941 0.6592857241630554 8
1624307218069 0.6521428823471069 9
1624307246125 0.6635714173316956 10
1624307274353 0.6585714221000671 11
1624307302648 0.6728571653366089 12
1624307328077 0.6635714173316956 13
1624307355553 0.6635714173316956 14
1624307384316 0.6692857146263123 15
1624307410769 0.6671428680419922 16
1624307435879 0.6821428537368774 17
1624307461245 0.6899999976158142 18
1624307489518 0.6985714435577393 19
1624307520874 0.691428542137146 20
1624307549760 0.7021428346633911 21
1624307575825 0.699999988079071 22
1624307601727 0.706428587436676 23
1624307629117 0.7057142853736877 24
1624307657356 0.7078571319580078 25
1624307687619 0.7078571319580078 26
1624307714727 0.7128571271896362 27
1624307743700 0.7114285826683044 28
1624307771206 0.7128571271896362 29
1624307800422 0.7171428799629211 30
1624307828626 0.727142870426178 31
1624307856618 0.7214285731315613 32
1624307884557 0.7200000286102295 33
1624307911757 0.727142870426178 34
1624307939776 0.7200000286102295 35
1624307967844 0.7200000286102295 36
1624307999202 0.7242857217788696 37
1624308036185 0.7314285635948181 38
1624308079832 0.7278571724891663 39
1624308120565 0.729285717010498 40
