1622331454774 0.5690616369247437 0
1622331473495 0.808898389339447 1
1622331494044 0.8333871960639954 2
1622331513541 0.8403378129005432 3
1622331534042 0.8478946089744568 4
1622331552961 0.8508445620536804 5
1622331572385 0.8531075716018677 6
1622331592186 0.8540773987770081 7
1622331613485 0.8568253517150879 8
1622331634501 0.8580376505851746 9
1622331655032 0.8591691851615906 10
1622331675388 0.860704779624939 11
1622331694881 0.8612704873085022 12
1622331714511 0.8636951446533203 13
1622331735215 0.8650690913200378 14
1622331757286 0.8663622140884399 15
