1622331454772 0.0014279722182278412 0
1622331473494 0.0008430039474151557 1
1622331494042 0.0007100625242593843 2
1622331513540 0.0006702486195310301 3
1622331534040 0.0006460964747160435 4
1622331552960 0.0006313832695170265 5
1622331572384 0.000623297947385534 6
1622331592185 0.0006163106371820152 7
1622331613483 0.0006073212663098178 8
1622331634499 0.0006034281431477293 9
1622331655030 0.0005991178826141943 10
1622331675387 0.000594631108414488 11
1622331694877 0.000593264486586798 12
1622331714509 0.000583273625928795 13
1622331735214 0.0005773679283069329 14
1622331757285 0.000572924088431688 15
