1624297629705 0.0003 0
1624297648990 0.0003 1
1624297670157 0.0003 2
1624297692560 0.0003 3
1624297713855 0.0003 4
1624297734413 0.0003 5
1624297756073 0.0003 6
1624297776573 0.0003 7
1624297796688 0.0003 8
1624297817031 0.0003 9
1624297839331 0.0003 10
1624297860911 0.0003 11
1624297882097 0.0003 12
1624297902767 0.0003 13
1624297922389 0.0003 14
1624297942417 0.0003 15
1624297962546 0.0003 16
1624297982458 0.0003 17
1624298002585 0.0003 18
1624298024287 0.0003 19
1624298045227 0.0003 20
1624298065207 0.0003 21
1624298085141 0.0003 22
1624298105123 0.0003 23
1624298124974 0.0003 24
1624298145019 0.0003 25
1624298164962 0.0003 26
1624298185455 0.0003 27
1624298205372 0.0003 28
1624298225236 0.0003 29
1624298245166 0.0003 30
