1624297629704 0.6695789694786072 0
1624297648989 0.6325955986976624 1
1624297670156 0.615612804889679 2
1624297692559 0.6086434721946716 3
1624297713854 0.6083494424819946 4
1624297734413 0.5986214876174927 5
1624297756072 0.5990912318229675 6
1624297776572 0.5883716940879822 7
1624297796688 0.5798707604408264 8
1624297817030 0.5950302481651306 9
1624297839331 0.5858533978462219 10
1624297860910 0.590705394744873 11
1624297882096 0.5744611620903015 12
1624297902766 0.5786088109016418 13
1624297922388 0.5701685547828674 14
1624297942417 0.5702024698257446 15
1624297962546 0.565299928188324 16
1624297982457 0.5635383129119873 17
1624298002585 0.5664152503013611 18
1624298024285 0.5569197535514832 19
1624298045225 0.5642725229263306 20
1624298065207 0.5595012307167053 21
1624298085140 0.5515626668930054 22
1624298105123 0.5528330206871033 23
1624298124974 0.5552218556404114 24
1624298145018 0.5520674586296082 25
1624298164961 0.5522944331169128 26
1624298185454 0.5492790341377258 27
1624298205371 0.5466861724853516 28
1624298225235 0.5448319911956787 29
1624298245166 0.5385379195213318 30
