1624297629706 0.6494778990745544 0
1624297648991 0.6916947960853577 1
1624297670159 0.7108216285705566 2
1624297692561 0.7048904299736023 3
1624297713857 0.7174214720726013 4
1624297734415 0.7216021418571472 5
1624297756075 0.7160670161247253 6
1624297776574 0.7348318099975586 7
1624297796690 0.739253044128418 8
1624297817032 0.7210868000984192 9
1624297839334 0.7304169535636902 10
1624297860912 0.7294862270355225 11
1624297882098 0.7560372352600098 12
1624297902768 0.7398089170455933 13
1624297922390 0.7601794004440308 14
1624297942419 0.7482807636260986 15
1624297962548 0.754792332649231 16
1624297982459 0.7633036375045776 17
1624298002587 0.7589718699455261 18
1624298024288 0.7735283374786377 19
1624298045229 0.7560754418373108 20
1624298065212 0.770389199256897 21
1624298085142 0.773177981376648 22
1624298105125 0.7666791677474976 23
1624298124976 0.7734133005142212 24
1624298145021 0.7674884796142578 25
1624298164964 0.7725422382354736 26
1624298185457 0.7717372179031372 27
1624298205373 0.7845813632011414 28
1624298225237 0.7823580503463745 29
1624298245171 0.7867090106010437 30
