1624297629705 0.6035714149475098 0
1624297648990 0.6378571391105652 1
1624297670158 0.6257143020629883 2
1624297692561 0.6271428465843201 3
1624297713856 0.6321428418159485 4
1624297734414 0.633571445941925 5
1624297756074 0.6321428418159485 6
1624297776573 0.6471428275108337 7
1624297796689 0.6442857384681702 8
1624297817031 0.6278571486473083 9
1624297839332 0.6371428370475769 10
1624297860911 0.6449999809265137 11
1624297882098 0.6499999761581421 12
1624297902767 0.6385714411735535 13
1624297922389 0.6607142686843872 14
1624297942418 0.6671428680419922 15
1624297962547 0.6600000262260437 16
1624297982458 0.6671428680419922 17
1624298002586 0.6814285516738892 18
1624298024288 0.6828571557998657 19
1624298045227 0.6792857050895691 20
1624298065211 0.6800000071525574 21
1624298085141 0.6778571605682373 22
1624298105124 0.6807143092155457 23
1624298124975 0.6957142949104309 24
1624298145020 0.6850000023841858 25
1624298164962 0.6800000071525574 26
1624298185456 0.6878571510314941 27
1624298205372 0.6957142949104309 28
1624298225236 0.6992856860160828 29
1624298245171 0.6921428442001343 30
