1624297629706 0.5476772785186768 0
1624297648991 0.6072811484336853 1
1624297670158 0.6118518710136414 2
1624297692561 0.6173020601272583 3
1624297713856 0.6297627687454224 4
1624297734414 0.6343548893928528 5
1624297756074 0.6350106000900269 6
1624297776574 0.6526018977165222 7
1624297796689 0.6468085050582886 8
1624297817032 0.632321834564209 9
1624297839333 0.6437587738037109 10
1624297860912 0.6477675437927246 11
1624297882098 0.6539548635482788 12
1624297902768 0.6476323008537292 13
1624297922390 0.6590093374252319 14
1624297942418 0.6685633063316345 15
1624297962547 0.661450982093811 16
1624297982459 0.663294792175293 17
1624298002586 0.674452543258667 18
1624298024288 0.6711111068725586 19
1624298045228 0.6744017601013184 20
1624298065212 0.6720351576805115 21
1624298085142 0.664683997631073 22
1624298105124 0.669623076915741 23
1624298124975 0.6820895075798035 24
1624298145020 0.6661619544029236 25
1624298164963 0.6590563058853149 26
1624298185457 0.6641045808792114 27
1624298205373 0.6707882285118103 28
1624298225237 0.6738961935043335 29
1624298245171 0.6671814918518066 30
