1622909828018 0.5065869231390931 0
1622909838609 0.6070880142245212 1
1622909848865 0.6654004687626283 2
1622909859323 0.722500606158571 3
1622909869743 0.7495756890002425 4
1622909880225 0.7658207387052453 5
1622909890662 0.7762062555564536 6
1622909901050 0.7894205124060454 7
1622909911342 0.7969772892588701 8
1622909921646 0.7998060292572537 9
1622909932418 0.8086559443950537 10
1622909943571 0.8096662086801908 11
1622909954806 0.8148791723914977 12
1622909966298 0.8192435141032894 13
1622909977831 0.8219510223874565 14
1622909988870 0.8219510223874565 15
1622909999698 0.8255475632425443 16
1622910010620 0.8268002909561141 17
1622910021951 0.8295077992402813 18
1622910033150 0.8332255718095853 19
1622910043526 0.8335892669522347 20
1622910053901 0.83488240523721 21
1622910064232 0.8331851612381799 22
1622910074630 0.8383981249494867 23
1622910085085 0.840014547805706 24
1622910096569 0.8397316738058677 25
1622910109636 0.8426412349470621 26
1622910120504 0.844055604946254 27
1622910131638 0.8442576578032813 28
1622910142521 0.8436919098036046 29
1622910152987 0.842964519518306 30
1622910163488 0.8437323203750101 31
1622910173935 0.8453487432312293 32
1622910184333 0.8456316172310676 33
1622910194878 0.8481370726582074 34
1622910205857 0.8451466903742019 35
1622910217188 0.8457528489452841 36
1622910227563 0.8495110320859937 37
1622910237909 0.8481370726582074 38
1622910248180 0.8495918532288047 39
1622910258658 0.8492685686575608 40
1622910269050 0.8487432312292896 41
1622910279529 0.8478541986583691 42
1622910290146 0.8474905035157198 43
1622910300521 0.8484199466580458 44
1622910310845 0.8491473369433444 45
1622910321440 0.8499151378000485 46
1622910331908 0.8493493898003718 47
1622910342553 0.848945284086317 48
1622910353041 0.8488240523721006 49
1622910363655 0.8502788329426978 50
1622910374377 0.8531479835124869 51
1622910385856 0.8502788329426978 52
1622910396281 0.8510062232279965 53
1622910406672 0.847005576658854 54
1622910417225 0.8517740240847006 55
1622910427597 0.850036369514265 56
1622910438120 0.8517336135132951 57
1622910448593 0.8519356663703225 58
1622910458983 0.8480966620868019 59
1622910469477 0.8492685686575608 60
1622910479947 0.8512082760850238 61
1622910490351 0.8503596540855087 62
1622910500869 0.8489048735149115 63
1622910512649 0.8524610037985937 64
1622910523373 0.8510062232279965 65
1622910533881 0.8507637597995635 66
1622910544331 0.8492281580861554 67
1622910554785 0.8501171906570759 68
1622910565067 0.850965812656591 69
1622910575413 0.8496322638002102 70
1622910585600 0.8528651095126485 71
1622910595751 0.8525822355128102 72
1622910606107 0.8518144346561061 73
1622910616478 0.848945284086317 74
1622910626835 0.8516932029418895 75
1622910637147 0.850804170370969 76
1622910647572 0.8502788329426978 77
1622910657921 0.851895255798917 78
1622910668320 0.8514911500848622 79
1622910678508 0.8522185403701609 80
1622910688848 0.8526630566556211 81
1622910699276 0.848864462943506 82
1622910709551 0.852905520084054 83
1622910719714 0.8511678655136183 84
1622910730146 0.8517336135132951 85
1622910741836 0.8504808857997253 86
1622910752619 0.8526630566556211 87
1622910763961 0.8510062232279965 88
1622910774679 0.8511678655136183 89
1622910785993 0.8524205932271882 90
1622910796689 0.8508445809423745 91
1622910807084 0.849793906085832 92
1622910817459 0.8525014143699992 93
1622910827715 0.8506425280853471 94
1622910838022 0.8528651095126485 95
1622910848491 0.852824698941243 96
1622910858951 0.852824698941243 97
1622910869397 0.8506829386567526 98
1622910879654 0.8531075729410814 99
