1622909828017 0.0014045811996284225 0
1622909838607 0.001284186306106122 1
1622909848864 0.0012045128549936371 2
1622909859321 0.0011477132993171068 3
1622909869741 0.0010956202368049125 4
1622909880224 0.001053990326971743 5
1622909890661 0.001016233476181573 6
1622909901049 0.0009859120555310553 7
1622909911341 0.0009700204759467672 8
1622909921645 0.000948745499313923 9
1622909932416 0.000924896457582016 10
1622909943570 0.0009183463175564819 11
1622909954805 0.0008971097337239043 12
1622909966296 0.000883853226926596 13
1622909977829 0.0008665598518854393 14
1622909988868 0.0008567947667619882 15
1622909999696 0.0008423922194010957 16
1622910010619 0.000838023218930919 17
1622910021949 0.0008224626262561974 18
1622910033149 0.0008136901261108362 19
1622910043524 0.0008040942768941534 20
1622910053900 0.0007948149758881319 21
1622910064231 0.0007931976886609912 22
1622910074628 0.0007796316585033605 23
1622910085083 0.0007673452145298151 24
1622910096567 0.0007648804832235126 25
1622910109635 0.0007568149530327832 26
1622910120503 0.0007478027444720933 27
1622910131637 0.0007517160521861586 28
1622910142520 0.0007489506902839607 29
1622910152986 0.0007475252767334872 30
1622910163486 0.0007407647681527233 31
1622910173934 0.0007331467677769776 32
1622910184332 0.0007341574742916782 33
1622910194877 0.000732279862947494 34
1622910205855 0.0007274411669893541 35
1622910217187 0.0007238412425096617 36
1622910227561 0.0007161539920191656 37
1622910237907 0.0007183451804946718 38
1622910248179 0.0007187867898288969 39
1622910258656 0.0007170861726781059 40
1622910269049 0.0007151106216966657 41
1622910279528 0.0007160570640181663 42
1622910290145 0.0007140056065962732 43
1622910300520 0.0007116312746241282 44
1622910310844 0.0007059896586254055 45
1622910321438 0.0007113695679375341 46
1622910331906 0.0007092163808554095 47
1622910342551 0.000704573706282589 48
1622910353040 0.000706304630369567 49
1622910363654 0.0006988113237970775 50
1622910374375 0.0007006192382204979 51
1622910385855 0.0006951671221662259 52
1622910396279 0.0006979433663841556 53
1622910406670 0.0007056500342691339 54
1622910417223 0.0006986112703186784 55
1622910427595 0.000699657117945678 56
1622910438119 0.0007025596179814171 57
1622910448592 0.0006949376951065193 58
1622910458982 0.000701267328536338 59
1622910469475 0.0006999411348247165 60
1622910479946 0.0006933443535504379 61
1622910490350 0.0006967540037022117 62
1622910500867 0.0006958217303099478 63
1622910512648 0.0007028040208707078 64
1622910523371 0.0006911847269218085 65
1622910533880 0.0006948427927866909 66
1622910544329 0.0006979484980295 67
1622910554784 0.0006940306656518442 68
1622910565065 0.0006921355770869985 69
1622910575412 0.0006949739731052781 70
1622910585599 0.0006856183802735629 71
1622910595750 0.0006910264299342291 72
1622910606106 0.0006900042461653317 73
1622910616476 0.0006898027836221467 74
1622910626834 0.000691512701804854 75
1622910637146 0.0006871527735441068 76
1622910647570 0.0006969793769909186 77
1622910657919 0.000687361728217235 78
1622910668319 0.0006886241274239184 79
1622910678507 0.0006962255803208955 80
1622910688847 0.0006928632193468021 81
1622910699274 0.0006940388442492471 82
1622910709550 0.0006928020984519706 83
1622910719713 0.0006915590371540637 84
1622910730144 0.0006901674532017422 85
1622910741835 0.0006874623306256378 86
1622910752617 0.0006863886822708439 87
1622910763959 0.0007016692431907805 88
1622910774677 0.0006891534239436703 89
1622910785992 0.0006869003859543622 90
1622910796688 0.0006921570430449003 91
1622910807083 0.0006892092879429541 92
1622910817457 0.0006933888185769019 93
1622910827714 0.0006852490439195693 94
1622910838020 0.0006886628092631154 95
1622910848490 0.0006877967113339794 96
1622910858950 0.0006862884568173797 97
1622910869396 0.0006836828106021781 98
1622910879652 0.0006887124504950923 99
