1624315830766 0.6304044127464294 0
1624315861848 0.6620784997940063 1
1624315892394 0.6739446520805359 2
1624315921727 0.6893491148948669 3
1624315951703 0.6948904991149902 4
1624315981059 0.6980988383293152 5
1624316011013 0.7060629725456238 6
1624316040211 0.7066869139671326 7
1624316071202 0.7101787328720093 8
1624316100438 0.7152830958366394 9
1624316129867 0.730380654335022 10
1624316160313 0.7330173254013062 11
1624316189595 0.7366746068000793 12
1624316219027 0.7368420958518982 13
1624316248118 0.7394822239875793 14
