1624315830767 0.7143036127090454 0
1624315861848 0.7576706409454346 1
1624315892395 0.7762969136238098 2
1624315921727 0.7972573637962341 3
1624315951703 0.8029245138168335 4
1624315981059 0.809924840927124 5
1624316011014 0.8177748918533325 6
1624316040211 0.8255354166030884 7
1624316071202 0.832356870174408 8
1624316100439 0.839493453502655 9
1624316129868 0.8455439209938049 10
1624316160313 0.847122073173523 11
1624316189595 0.8530489802360535 12
1624316219027 0.8568248748779297 13
1624316248119 0.8652755618095398 14
