1624315830763 0.6024494171142578 0
1624315861846 0.5756896138191223 1
1624315892392 0.5613630414009094 2
1624315921725 0.5373296141624451 3
1624315951701 0.5371699929237366 4
1624315981057 0.5292128920555115 5
1624316011011 0.5260421633720398 6
1624316040209 0.5162356495857239 7
1624316071200 0.5020624995231628 8
1624316100437 0.5034844279289246 9
1624316129866 0.49350905418395996 10
1624316160311 0.49202945828437805 11
1624316189593 0.4792579710483551 12
1624316219025 0.4738469123840332 13
1624316248117 0.46942344307899475 14
