1624315830766 0.6214285492897034 0
1624315861847 0.6492857336997986 1
1624315892394 0.6800000071525574 2
1624315921726 0.699999988079071 3
1624315951702 0.7014285922050476 4
1624315981058 0.7164285778999329 5
1624316011013 0.7264285683631897 6
1624316040211 0.7242857217788696 7
1624316071201 0.7335714101791382 8
1624316100438 0.7378571629524231 9
1624316129867 0.7521428465843201 10
1624316160313 0.758571445941925 11
1624316189594 0.7635714411735535 12
1624316219026 0.7642857432365417 13
1624316248118 0.7699999809265137 14
