1624273868192 0.7010505795478821 0
1624273909919 0.7765375375747681 1
1624273951438 0.8005499243736267 2
1624273992838 0.8129234910011292 3
1624274034244 0.8288067579269409 4
1624274075975 0.8415230512619019 5
1624274118018 0.8563074469566345 6
1624274160523 0.866006076335907 7
1624274203623 0.8721927404403687 8
1624274246672 0.8806178569793701 9
1624274290252 0.8870368003845215 10
1624274333533 0.8937432169914246 11
1624274376616 0.9037591218948364 12
1624274419728 0.9112280011177063 13
1624274462833 0.9180898666381836 14
1624274505689 0.9222853183746338 15
1624274548671 0.9327740669250488 16
1624274591404 0.9355958700180054 17
1624274634328 0.9380365610122681 18
1624274677363 0.9462806582450867 19
