1624273868191 0.6174103021621704 0
1624273909919 0.6839452385902405 1
1624273951437 0.6803653240203857 2
1624273992837 0.6878787279129028 3
1624274034243 0.711144745349884 4
1624274075975 0.7204301357269287 5
1624274118018 0.7317829728126526 6
1624274160522 0.7476488947868347 7
1624274203623 0.7529975771903992 8
1624274246672 0.7594529390335083 9
1624274290251 0.7673667073249817 10
1624274333532 0.7735077738761902 11
1624274376616 0.78847736120224 12
1624274419728 0.7976686358451843 13
1624274462833 0.8065574169158936 14
1624274505688 0.807106614112854 15
1624274548670 0.8265993595123291 16
1624274591403 0.8324872851371765 17
1624274634328 0.8396947383880615 18
1624274677362 0.8452380895614624 19
