1624273868190 0.6289151906967163 0
1624273909917 0.5639908313751221 1
1624273951436 0.5390020608901978 2
1624273992836 0.5251778960227966 3
1624274034241 0.5105435848236084 4
1624274075973 0.4963820278644562 5
1624274118016 0.47991588711738586 6
1624274160521 0.46886852383613586 7
1624274203621 0.4591556787490845 8
1624274246670 0.4477844536304474 9
1624274290250 0.43729954957962036 10
1624274333531 0.42632177472114563 11
1624274376614 0.41416966915130615 12
1624274419726 0.39973413944244385 13
1624274462831 0.3897610008716583 14
1624274505687 0.3816448152065277 15
1624274548669 0.3641475737094879 16
1624274591402 0.3579155504703522 17
1624274634326 0.3531187176704407 18
1624274677361 0.3416728973388672 19
