1624273868191 0.6264285445213318 0
1624273909918 0.6864285469055176 1
1624273951437 0.699999988079071 2
1624273992837 0.7057142853736877 3
1624274034242 0.7278571724891663 4
1624274075974 0.7400000095367432 5
1624274118018 0.7528571486473083 6
1624274160522 0.7699999809265137 7
1624274203623 0.779285728931427 8
1624274246671 0.7864285707473755 9
1624274290251 0.7942857146263123 10
1624274333532 0.802142858505249 11
1624274376615 0.816428542137146 12
1624274419728 0.8264285922050476 13
1624274462833 0.831428587436676 14
1624274505688 0.8371428847312927 15
1624274548670 0.8528571724891663 16
1624274591403 0.8585714101791382 17
1624274634327 0.8650000095367432 18
1624274677362 0.8700000047683716 19
