1624264680326 0.610988974571228 0
1624264702886 0.6604774594306946 1
1624264728344 0.6716216206550598 2
1624264751617 0.6902905702590942 3
1624264774996 0.6921985745429993 4
1624264798400 0.6877243518829346 5
1624264822156 0.693026602268219 6
1624264845576 0.7005729675292969 7
1624264868052 0.7053700685501099 8
1624264890655 0.7040358781814575 9
1624264913321 0.71257483959198 10
1624264935888 0.7122884392738342 11
1624264958631 0.708459198474884 12
1624264981451 0.7217589616775513 13
1624265004071 0.7263078093528748 14
1624265026889 0.7228549122810364 15
1624265049391 0.7248636484146118 16
1624265072010 0.728840172290802 17
1624265094475 0.7288676500320435 18
1624265116971 0.7480190992355347 19
