1624264680324 0.6509876847267151 0
1624264702885 0.5992802977561951 1
1624264728342 0.5863032937049866 2
1624264751615 0.5731297731399536 3
1624264774994 0.5676232576370239 4
1624264798399 0.5572035312652588 5
1624264822155 0.5515450835227966 6
1624264845571 0.5442648530006409 7
1624264868050 0.5356066226959229 8
1624264890653 0.5335692167282104 9
1624264913316 0.5286403298377991 10
1624264935886 0.520355761051178 11
1624264958630 0.5159175395965576 12
1624264981449 0.5063949823379517 13
1624265004069 0.5024127960205078 14
1624265026887 0.4999866783618927 15
1624265049389 0.4883706867694855 16
1624265072009 0.48508837819099426 17
1624265094473 0.47999686002731323 18
1624265116969 0.47039994597435 19
