1624264680325 0.6207143068313599 0
1624264702886 0.6342856884002686 1
1624264728344 0.6528571248054504 2
1624264751617 0.6878571510314941 3
1624264774996 0.6899999976158142 4
1624264798400 0.6892856955528259 5
1624264822156 0.6949999928474426 6
1624264845575 0.7014285922050476 7
1624264868051 0.7099999785423279 8
1624264890654 0.7171428799629211 9
1624264913321 0.7257142663002014 10
1624264935887 0.720714271068573 11
1624264958631 0.7242857217788696 12
1624264981450 0.7378571629524231 13
1624265004070 0.7421428561210632 14
1624265026888 0.7392857074737549 15
1624265049390 0.7478571534156799 16
1624265072010 0.7528571486473083 17
1624265094474 0.7571428418159485 18
1624265116970 0.772857129573822 19
