1624264680326 0.6977218389511108 0
1624264702887 0.7527254819869995 1
1624264728345 0.7676674127578735 2
1624264751617 0.780549943447113 3
1624264774996 0.7847284078598022 4
1624264798401 0.7947901487350464 5
1624264822157 0.7983691692352295 6
1624264845576 0.8042981624603271 7
1624264868052 0.812218427658081 8
1624264890655 0.8100419044494629 9
1624264913321 0.8133983612060547 10
1624264935888 0.8198747634887695 11
1624264958632 0.8212675452232361 12
1624264981451 0.8296308517456055 13
1624265004071 0.8325080871582031 14
1624265026889 0.8319692611694336 15
1624265049391 0.8400620222091675 16
1624265072011 0.842012882232666 17
1624265094475 0.8438124656677246 18
1624265116971 0.8564010858535767 19
