1624291675977 0.6706109046936035 0
1624291699938 0.7512773275375366 1
1624291723786 0.7826050519943237 2
1624291747896 0.7941160202026367 3
1624291771475 0.8070560693740845 4
1624291795170 0.8172317743301392 5
1624291819018 0.82346111536026 6
1624291843225 0.8326913118362427 7
1624291867736 0.8393104076385498 8
1624291892353 0.8438870906829834 9
1624291917160 0.8455822467803955 10
1624291944059 0.856360673904419 11
1624291970358 0.8622449636459351 12
1624291996243 0.8680462837219238 13
1624292021843 0.8729594945907593 14
1624292048378 0.8740648031234741 15
1624292073904 0.8829754590988159 16
1624292099488 0.8868748545646667 17
1624292125185 0.8859505653381348 18
