1624291675975 0.6521853804588318 0
1624291699936 0.584326982498169 1
1624291723784 0.564293622970581 2
1624291747894 0.5519583225250244 3
1624291771473 0.5391417145729065 4
1624291795164 0.5277286767959595 5
1624291819016 0.5202826857566833 6
1624291843223 0.5103281736373901 7
1624291867734 0.5018748641014099 8
1624291892351 0.4940762519836426 9
1624291917157 0.48954522609710693 10
1624291944056 0.47812792658805847 11
1624291970354 0.4701223075389862 12
1624291996241 0.4622403383255005 13
1624292021841 0.45455437898635864 14
1624292048376 0.45084449648857117 15
1624292073902 0.4366733431816101 16
1624292099486 0.4301496744155884 17
1624292125183 0.4296635687351227 18
