1624291675976 0.6007142663002014 0
1624291699937 0.6407142877578735 1
1624291723785 0.6521428823471069 2
1624291747896 0.6792857050895691 3
1624291771474 0.706428587436676 4
1624291795169 0.7228571176528931 5
1624291819017 0.729285717010498 6
1624291843224 0.7357142567634583 7
1624291867735 0.7478571534156799 8
1624291892352 0.7542856931686401 9
1624291917159 0.7542856931686401 10
1624291944058 0.7685714364051819 11
1624291970356 0.772857129573822 12
1624291996242 0.7814285755157471 13
1624292021842 0.7821428775787354 14
1624292048377 0.7835714221000671 15
1624292073903 0.7928571701049805 16
1624292099487 0.7921428680419922 17
1624292125184 0.8014285564422607 18
