1624291675976 0.5904762148857117 0
1624291699938 0.6657807230949402 1
1624291723785 0.6662098169326782 2
1624291747896 0.6790564656257629 3
1624291771474 0.695780873298645 4
1624291795170 0.7100149393081665 5
1624291819018 0.7126611471176147 6
1624291843224 0.7166922092437744 7
1624291867735 0.7244340181350708 8
1624291892352 0.7274168729782104 9
1624291917159 0.7243589758872986 10
1624291944058 0.7432646155357361 11
1624291970357 0.743134081363678 12
1624291996243 0.7512195706367493 13
1624292021842 0.7538337111473083 14
1624292048378 0.7493796944618225 15
1624292073904 0.7591361403465271 16
1624292099488 0.7564854025840759 17
1624292125185 0.767169177532196 18
