1622330711303 0.729491651058197 0
1622330730686 0.8191626667976379 1
1622330750987 0.8390851020812988 2
1622330771327 0.8462377786636353 3
1622330791407 0.8475309014320374 4
1622330811511 0.8494706153869629 5
1622330831315 0.8531479835510254 6
1622330850975 0.8527438640594482 7
1622330871239 0.8554109930992126 8
1622330891717 0.8546431660652161 9
1622330911300 0.8554918169975281 10
1622330930667 0.8568253517150879 11
1622330951977 0.857835590839386 12
1622330972564 0.8600581884384155 13
1622330992771 0.860139012336731 14
1622331012977 0.8607451915740967 15
1622331033185 0.859856128692627 16
1622331053100 0.8597348928451538 17
1622331073169 0.860987663269043 18
