1622330711300 0.0010878675960737164 0
1622330730684 0.0007652466642358487 1
1622330750985 0.000672778600171554 2
1622330771326 0.0006473490718899977 3
1622330791406 0.0006352063489116347 4
1622330811509 0.0006309049534429626 5
1622330831313 0.0006242754252621922 6
1622330850973 0.0006236847681861624 7
1622330871237 0.0006183296511882935 8
1622330891716 0.0006152093241885901 9
1622330911299 0.000616184524679342 10
1622330930665 0.0006066551556209928 11
1622330951976 0.0006067827265659358 12
1622330972562 0.0005995493611339069 13
1622330992770 0.0006017089058681726 14
1622331012976 0.0005983650168903931 15
1622331033184 0.0005935999319218668 16
1622331053098 0.0005953129669077075 17
1622331073167 0.0005925074033032698 18
