1624298273583 0.0003 0
1624298293577 0.0003 1
1624298313623 0.0003 2
1624298333648 0.0003 3
1624298353728 0.0003 4
1624298373718 0.0003 5
1624298393754 0.0003 6
1624298413781 0.0003 7
1624298434417 0.0003 8
1624298454663 0.0003 9
1624298474886 0.0003 10
1624298495012 0.0003 11
1624298514712 0.0003 12
1624298534941 0.0003 13
1624298555360 0.0003 14
1624298575739 0.0003 15
1624298596076 0.0003 16
1624298616406 0.0003 17
1624298636427 0.0003 18
1624298656820 0.0003 19
1624298677195 0.0003 20
1624298697417 0.0003 21
1624298717588 0.0003 22
1624298737748 0.0003 23
1624298757885 0.0003 24
1624298777916 0.0003 25
1624298798077 0.0003 26
1624298817941 0.0003 27
1624298838361 0.0003 28
