1624298273583 0.5463743209838867 0
1624298293578 0.5629510879516602 1
1624298313624 0.5714285969734192 2
1624298333649 0.5879592895507812 3
1624298353728 0.5980015397071838 4
1624298373719 0.5955826640129089 5
1624298393755 0.6053811311721802 6
1624298413782 0.619573175907135 7
1624298434418 0.6179940700531006 8
1624298454663 0.6185265779495239 9
1624298474887 0.6239067912101746 10
1624298495012 0.6240000128746033 11
1624298514713 0.6302341818809509 12
1624298534941 0.6320345997810364 13
1624298555361 0.6461758017539978 14
1624298575743 0.6364290714263916 15
1624298596077 0.6589761972427368 16
1624298616408 0.6517340540885925 17
1624298636428 0.6402349472045898 18
1624298656825 0.6430678963661194 19
1624298677200 0.6408922076225281 20
1624298697417 0.6538177132606506 21
1624298717589 0.6557620763778687 22
1624298737749 0.6546546220779419 23
1624298757886 0.6481620669364929 24
1624298777917 0.6508172750473022 25
1624298798078 0.649662435054779 26
1624298817942 0.6600910425186157 27
1624298838361 0.6600306630134583 28
