1624298273584 0.6545721292495728 0
1624298293578 0.6640194654464722 1
1624298313625 0.6871883869171143 2
1624298333649 0.6848562955856323 3
1624298353729 0.6959329843521118 4
1624298373719 0.6869626045227051 5
1624298393756 0.6908174157142639 6
1624298413782 0.7014616131782532 7
1624298434418 0.7012166976928711 8
1624298454664 0.7093542814254761 9
1624298474888 0.7158136367797852 10
1624298495013 0.7122762203216553 11
1624298514713 0.7044516801834106 12
1624298534942 0.7385310530662537 13
1624298555361 0.7225211262702942 14
1624298575743 0.7219173312187195 15
1624298596078 0.7401475310325623 16
1624298616408 0.7374129295349121 17
1624298636428 0.7330279350280762 18
1624298656825 0.7290091514587402 19
1624298677201 0.7433846592903137 20
1624298697418 0.7514114379882812 21
1624298717590 0.7493903040885925 22
1624298737749 0.7581668496131897 23
1624298757886 0.7456314563751221 24
1624298777917 0.7572702765464783 25
1624298798079 0.752197265625 26
1624298817942 0.7611761689186096 27
1624298838362 0.7620556950569153 28
