1624298273583 0.6157143115997314 0
1624298293577 0.6107142567634583 1
1624298313624 0.616428554058075 2
1624298333649 0.6235714554786682 3
1624298353728 0.6264285445213318 4
1624298373718 0.6207143068313599 5
1624298393755 0.6228571534156799 6
1624298413781 0.6307142972946167 7
1624298434417 0.6299999952316284 8
1624298454663 0.6264285445213318 9
1624298474887 0.631428599357605 10
1624298495012 0.6307142972946167 11
1624298514713 0.6278571486473083 12
1624298534941 0.6357142925262451 13
1624298555360 0.6464285850524902 14
1624298575743 0.6392857432365417 15
1624298596077 0.6621428728103638 16
1624298616407 0.6557142734527588 17
1624298636427 0.6499999761581421 18
1624298656825 0.654285728931427 19
1624298677199 0.6549999713897705 20
1624298697417 0.6664285659790039 21
1624298717589 0.6692857146263123 22
1624298737748 0.6714285612106323 23
1624298757885 0.6650000214576721 24
1624298777916 0.6642857193946838 25
1624298798078 0.6664285659790039 26
1624298817942 0.6800000071525574 27
1624298838361 0.6828571557998657 28
