1624298273582 0.6665007472038269 0
1624298293576 0.6510083079338074 1
1624298313623 0.636469841003418 2
1624298333647 0.6357816457748413 3
1624298353727 0.6257035136222839 4
1624298373717 0.6306300759315491 5
1624298393753 0.6195975542068481 6
1624298413780 0.6165333986282349 7
1624298434416 0.6068469882011414 8
1624298454662 0.6047832369804382 9
1624298474886 0.5982632040977478 10
1624298495011 0.6017177104949951 11
1624298514711 0.6066251397132874 12
1624298534940 0.5849671959877014 13
1624298555359 0.5951242446899414 14
1624298575738 0.5839683413505554 15
1624298596076 0.5747109651565552 16
1624298616406 0.5807694792747498 17
1624298636426 0.5847166180610657 18
1624298656820 0.584921658039093 19
1624298677194 0.5746070146560669 20
1624298697416 0.5716177225112915 21
1624298717588 0.5662348866462708 22
1624298737747 0.5604374408721924 23
1624298757884 0.5723326802253723 24
1624298777915 0.5568577647209167 25
1624298798077 0.566791296005249 26
1624298817940 0.5554749369621277 27
1624298838360 0.5620782375335693 28
