1622903890897 0.02 0
1622903901079 0.02 1
1622903911290 0.02 2
1622903921522 0.02 3
1622903931805 0.02 4
1622903942000 0.02 5
1622903952158 0.02 6
1622903962477 0.02 7
1622903972560 0.02 8
1622903983025 0.02 9
1622903993230 0.02 10
1622904003304 0.02 11
1622904013743 0.02 12
1622904024119 0.02 13
1622904034209 0.02 14
1622904044537 0.02 15
1622904054670 0.01 16
1622904064910 0.01 17
1622904075221 0.01 18
1622904085399 0.01 19
1622904095746 0.01 20
1622904105918 0.01 21
1622904116241 0.01 22
1622904126499 0.01 23
1622904136694 0.01 24
1622904146970 0.01 25
1622904157222 0.01 26
1622904167397 0.005 27
1622904177732 0.005 28
1622904187970 0.005 29
1622904198127 0.005 30
1622904208380 0.005 31
1622904218665 0.005 32
1622904228762 0.005 33
1622904238999 0.005 34
1622904249262 0.005 35
1622904260702 0.005 36
1622904270836 0.005 37
1622904281022 0.0025 38
1622904291321 0.0025 39
1622904301581 0.0025 40
1622904311827 0.0025 41
1622904322214 0.0025 42
1622904332447 0.0025 43
1622904342697 0.0025 44
1622904352952 0.0025 45
1622904363183 0.0025 46
1622904373367 0.0025 47
1622904383700 0.0025 48
1622904393798 0.00125 49
1622904404014 0.00125 50
1622904414282 0.00125 51
1622904424438 0.00125 52
1622904434867 0.00125 53
1622904446289 0.00125 54
1622904456494 0.00125 55
1622904466677 0.00125 56
1622904476994 0.00125 57
1622904487201 0.00125 58
1622904497217 0.00125 59
1622904507436 0.000625 60
1622904517674 0.000625 61
1622904527878 0.000625 62
1622904538079 0.000625 63
1622904548418 0.000625 64
1622904558641 0.000625 65
1622904568945 0.000625 66
1622904579205 0.000625 67
1622904589539 0.000625 68
1622904599930 0.000625 69
1622904610258 0.000625 70
1622904620340 0.0003125 71
1622904630639 0.0003125 72
1622904640873 0.0003125 73
1622904651127 0.0003125 74
1622904661376 0.0003125 75
1622904671626 0.0003125 76
1622904681851 0.0003125 77
1622904692070 0.0003125 78
1622904702328 0.0003125 79
1622904712632 0.0003125 80
1622904722671 0.0003125 81
1622904732912 0.00015625 82
1622904743116 0.00015625 83
1622904754353 0.00015625 84
1622904764575 0.00015625 85
1622904774866 0.00015625 86
1622904784982 0.00015625 87
1622904795453 0.00015625 88
1622904805771 0.00015625 89
1622904815986 0.00015625 90
1622904826061 0.00015625 91
1622904836272 0.00015625 92
1622904846702 7.8125e-05 93
1622904856873 7.8125e-05 94
1622904867220 7.8125e-05 95
1622904877451 7.8125e-05 96
1622904887580 7.8125e-05 97
1622904897816 7.8125e-05 98
1622904909267 7.8125e-05 99
