1624317129934 0.0003 0
1624317203304 0.0003 1
1624317277134 0.0003 2
1624317351429 0.0003 3
1624317421197 0.0003 4
1624317492749 0.0003 5
1624317565022 0.0003 6
1624317639365 0.0003 7
1624317709792 0.0003 8
1624317781107 0.0003 9
1624317852687 0.0003 10
1624317925187 0.0003 11
1624317998345 0.0003 12
1624318073103 0.0003 13
1624318144699 0.0003 14
1624318218352 0.0003 15
1624318290340 0.0003 16
1624318363747 0.0003 17
1624318436545 0.00015 18
1624318508529 0.00015 19
1624318582992 0.00015 20
1624318654436 0.00015 21
1624318730144 0.00015 22
1624318805498 0.00015 23
1624318882032 0.00015 24
1624318955104 0.00015 25
1624319031101 0.00015 26
1624319103207 0.00015 27
1624319175614 0.00015 28
1624319250331 7.5e-05 29
1624319324954 7.5e-05 30
1624319397777 7.5e-05 31
1624319470893 7.5e-05 32
