1624317129933 0.7525832653045654 0
1624317203303 0.6422856450080872 1
1624317277133 0.6134207844734192 2
1624317351428 0.6047025918960571 3
1624317421196 0.6020458936691284 4
1624317492746 0.5904721617698669 5
1624317565021 0.5799214243888855 6
1624317639364 0.5775215029716492 7
1624317709791 0.564715564250946 8
1624317781106 0.5657792091369629 9
1624317852686 0.5462389588356018 10
1624317925186 0.5595389008522034 11
1624317998345 0.5643820762634277 12
1624318073102 0.5566205382347107 13
1624318144698 0.564452052116394 14
1624318218351 0.5536712408065796 15
1624318290339 0.537821352481842 16
1624318363746 0.532965362071991 17
1624318436544 0.5335087180137634 18
1624318508527 0.5374090671539307 19
1624318582991 0.53059983253479 20
1624318654435 0.5282576680183411 21
1624318730143 0.5347605347633362 22
1624318805497 0.5342182517051697 23
1624318882031 0.5412764549255371 24
1624318955103 0.5346351861953735 25
1624319031100 0.5317044258117676 26
1624319103206 0.5271937847137451 27
1624319175613 0.5150325894355774 28
1624319250330 0.5297335982322693 29
1624319324954 0.5203442573547363 30
1624319397776 0.5124697089195251 31
1624319470893 0.5141619443893433 32
