1624317129934 0.49714285135269165 0
1624317203304 0.6128571629524231 1
1624317277138 0.6435714364051819 2
1624317351429 0.6642857193946838 3
1624317421201 0.670714259147644 4
1624317492751 0.654285728931427 5
1624317565023 0.6714285612106323 6
1624317639365 0.6692857146263123 7
1624317709792 0.6821428537368774 8
1624317781107 0.6899999976158142 9
1624317852687 0.6964285969734192 10
1624317925187 0.6985714435577393 11
1624317998349 0.6992856860160828 12
1624318073103 0.6878571510314941 13
1624318144699 0.6935714483261108 14
1624318218352 0.697857141494751 15
1624318290341 0.7049999833106995 16
1624318363747 0.6971428394317627 17
1624318436549 0.7149999737739563 18
1624318508529 0.7121428847312927 19
1624318582992 0.7085714340209961 20
1624318654437 0.7128571271896362 21
1624318730145 0.697857141494751 22
1624318805498 0.704285740852356 23
1624318882032 0.706428587436676 24
1624318955104 0.7121428847312927 25
1624319031105 0.7149999737739563 26
1624319103207 0.7192857265472412 27
1624319175614 0.7164285778999329 28
1624319250335 0.706428587436676 29
1624319324958 0.7300000190734863 30
1624319397777 0.7149999737739563 31
1624319470894 0.7335714101791382 32
