1624317129935 0.4991705119609833 0
1624317203305 0.6690295934677124 1
1624317277139 0.7183522582054138 2
1624317351430 0.7405819892883301 3
1624317421202 0.7389654517173767 4
1624317492756 0.7544823884963989 5
1624317565024 0.7634506225585938 6
1624317639366 0.7609034776687622 7
1624317709793 0.7775363922119141 8
1624317781108 0.762353777885437 9
1624317852688 0.7940713763237 10
1624317925188 0.7784351110458374 11
1624317998350 0.76972895860672 12
1624318073104 0.7821387052536011 13
1624318144700 0.773935079574585 14
1624318218353 0.7806223034858704 15
1624318290342 0.7971360087394714 16
1624318363748 0.8003518581390381 17
1624318436550 0.8045834898948669 18
1624318508531 0.79945307970047 19
1624318582993 0.8018894195556641 20
1624318654437 0.8045196533203125 21
1624318730146 0.7885831594467163 22
1624318805499 0.7978750467300415 23
1624318882033 0.79013991355896 24
1624318955105 0.8007096648216248 25
1624319031106 0.7996596693992615 26
1624319103208 0.8085618019104004 27
1624319175615 0.8168410062789917 28
1624319250336 0.8004285097122192 29
1624319324959 0.8092007637023926 30
1624319397778 0.8154172897338867 31
1624319470895 0.8167973160743713 32
