1624317129935 0.4482758641242981 0
1624317203305 0.5862595438957214 1
1624317277139 0.6365622282028198 2
1624317351430 0.6671388149261475 3
1624317421201 0.6732813715934753 4
1624317492753 0.6586741805076599 5
1624317565023 0.680555522441864 6
1624317639366 0.6750877499580383 7
1624317709793 0.6903271079063416 8
1624317781108 0.695652186870575 9
1624317852688 0.6953404545783997 10
1624317925188 0.6942028999328613 11
1624317998350 0.6960288882255554 12
1624318073103 0.6803218722343445 13
1624318144700 0.6805658936500549 14
1624318218353 0.6914660930633545 15
1624318290341 0.6920208930969238 16
1624318363748 0.6891495585441589 17
1624318436549 0.7029039263725281 18
1624318508530 0.6985788941383362 19
1624318582993 0.6927710771560669 20
1624318654437 0.6986506581306458 21
1624318730145 0.6821938753128052 22
1624318805499 0.6901198029518127 23
1624318882032 0.6907449960708618 24
1624318955105 0.6963074803352356 25
1624319031106 0.6965779662132263 26
1624319103208 0.700685441493988 27
1624319175615 0.7012791633605957 28
1624319250336 0.6845740079879761 29
1624319324959 0.7118902802467346 30
1624319397778 0.6899767518043518 31
1624319470894 0.7128559947013855 32
