1624262748247 0.0003 0
1624262765788 0.0003 1
1624262783312 0.0003 2
1624262799428 0.0003 3
1624262816121 0.0003 4
1624262831576 0.0003 5
1624262846991 0.0003 6
1624262862479 0.0003 7
1624262877933 0.0003 8
1624262893737 0.0003 9
1624262909228 0.0003 10
1624262924694 0.0003 11
1624262940429 0.0003 12
1624262956175 0.0003 13
1624262971764 0.0003 14
1624262987529 0.0003 15
1624263002960 0.0003 16
1624263018466 0.0003 17
1624263033948 0.0003 18
1624263049485 0.0003 19
1624263065226 0.0003 20
1624263080896 0.0003 21
1624263096383 0.0003 22
1624263111913 0.0003 23
1624263127503 0.0003 24
1624263143170 0.0003 25
1624263159074 0.0003 26
1624263174498 0.0003 27
1624263189966 0.0003 28
1624263205448 0.0003 29
1624263221001 0.0003 30
1624263237163 0.0003 31
1624263252988 0.0003 32
1624263268598 0.0003 33
1624263284131 0.0003 34
1624263299764 0.0003 35
1624263315446 0.0003 36
1624263331008 0.0003 37
1624263346625 0.0003 38
1624263362284 0.0003 39
1624263378569 0.0003 40
1624263394139 0.0003 41
1624263410896 0.0003 42
1624263427810 0.0003 43
1624263445307 0.0003 44
1624263463897 0.0003 45
1624263481834 0.0003 46
1624263500225 0.0003 47
1624263516424 0.0003 48
1624263532339 0.0003 49
1624263548035 0.0003 50
1624263563643 0.0003 51
1624263579300 0.0003 52
1624263594933 0.0003 53
1624263610606 0.0003 54
1624263626463 0.0003 55
1624263642047 0.0003 56
1624263657852 0.0003 57
1624263673602 0.0003 58
1624263690762 0.0003 59
1624263708283 0.00015 60
1624263723926 0.00015 61
1624263739503 0.00015 62
1624263755193 0.00015 63
