1624262748248 0.4092857241630554 0
1624262765789 0.4292857050895691 1
1624262783313 0.43785715103149414 2
1624262799429 0.5128571391105652 3
1624262816122 0.6399999856948853 4
1624262831577 0.647857129573822 5
1624262846992 0.6514285802841187 6
1624262862480 0.6549999713897705 7
1624262877933 0.6607142686843872 8
1624262893737 0.6621428728103638 9
1624262909229 0.6678571701049805 10
1624262924695 0.6671428680419922 11
1624262940429 0.6664285659790039 12
1624262956175 0.6714285612106323 13
1624262971765 0.6742857098579407 14
1624262987529 0.6700000166893005 15
1624263002961 0.6728571653366089 16
1624263018466 0.675000011920929 17
1624263033948 0.6807143092155457 18
1624263049486 0.677142858505249 19
1624263065227 0.6871428489685059 20
1624263080897 0.6921428442001343 21
1624263096383 0.6921428442001343 22
1624263111913 0.6878571510314941 23
1624263127503 0.6928571462631226 24
1624263143170 0.6942856907844543 25
1624263159075 0.6899999976158142 26
1624263174499 0.6971428394317627 27
1624263189966 0.6942856907844543 28
1624263205449 0.7021428346633911 29
1624263221001 0.7007142901420593 30
1624263237163 0.7049999833106995 31
1624263252989 0.7049999833106995 32
1624263268598 0.7107142806053162 33
1624263284132 0.7099999785423279 34
1624263299765 0.7071428298950195 35
1624263315446 0.704285740852356 36
1624263331008 0.7071428298950195 37
1624263346626 0.7142857313156128 38
1624263362284 0.7135714292526245 39
1624263378569 0.7221428751945496 40
1624263394139 0.7221428751945496 41
1624263410896 0.7200000286102295 42
1624263427810 0.7142857313156128 43
1624263445308 0.7228571176528931 44
1624263463898 0.7321428656578064 45
1624263481835 0.7192857265472412 46
1624263500226 0.7242857217788696 47
1624263516425 0.7385714054107666 48
1624263532340 0.7321428656578064 49
1624263548036 0.7300000190734863 50
1624263563643 0.7278571724891663 51
1624263579300 0.7342857122421265 52
1624263594933 0.7400000095367432 53
1624263610606 0.7385714054107666 54
1624263626463 0.7371428608894348 55
1624263642047 0.7471428513526917 56
1624263657853 0.7464285492897034 57
1624263673603 0.7492856979370117 58
1624263690763 0.7514285445213318 59
1624263708283 0.7514285445213318 60
1624263723926 0.7471428513526917 61
1624263739503 0.7535714507102966 62
1624263755194 0.7557142972946167 63
