1624262748248 0.40202459692955017 0
1624262765789 0.47260722517967224 1
1624262783313 0.5132962465286255 2
1624262799429 0.5616966485977173 3
1624262816122 0.6394850015640259 4
1624262831577 0.6465950012207031 5
1624262846992 0.6463767886161804 6
1624262862480 0.6522678136825562 7
1624262877934 0.6555474996566772 8
1624262893738 0.6574945449829102 9
1624262909229 0.6598390340805054 10
1624262924695 0.663294792175293 11
1624262940430 0.6618391871452332 12
1624262956175 0.6704870462417603 13
1624262971765 0.6714697480201721 14
1624262987530 0.6700000166893005 15
1624263002961 0.670503556728363 16
1624263018467 0.671480119228363 17
1624263033949 0.6767895817756653 18
1624263049486 0.6748201847076416 19
1624263065227 0.680757999420166 20
1624263080897 0.6837857961654663 21
1624263096383 0.6837857961654663 22
1624263111914 0.6770139932632446 23
1624263127503 0.6814814805984497 24
1624263143171 0.6820207238197327 25
1624263159075 0.6794682145118713 26
1624263174499 0.682634711265564 27
1624263189967 0.6777108311653137 28
1624263205449 0.6848072409629822 29
1624263221002 0.6813688278198242 30
1624263237164 0.6835249066352844 31
1624263252989 0.6844919323921204 32
1624263268598 0.6882216930389404 33
1624263284132 0.6852713227272034 34
1624263299765 0.6821705102920532 35
1624263315447 0.6740158200263977 36
1624263331009 0.6776729822158813 37
1624263346626 0.6840442419052124 38
1624263362285 0.6809864640235901 39
1624263378570 0.6885508298873901 40
1624263394140 0.6860371232032776 41
1624263410897 0.6848874092102051 42
1624263427811 0.6747967600822449 43
1624263445308 0.6814449429512024 44
1624263463899 0.6928747296333313 45
1624263481835 0.6743993759155273 46
1624263500226 0.6788685321807861 47
1624263516425 0.693467378616333 48
1624263532340 0.6851385235786438 49
1624263548036 0.6807432174682617 50
1624263563644 0.6790227293968201 51
1624263579301 0.6863406896591187 52
1624263594934 0.691525399684906 53
1624263610607 0.6877132654190063 54
1624263626464 0.6833046674728394 55
1624263642048 0.6974359154701233 56
1624263657853 0.6926407217979431 57
1624263673604 0.69398432970047 58
1624263690763 0.6973913311958313 59
1624263708284 0.6984401345252991 60
1624263723927 0.6927083730697632 61
1624263739504 0.7002606391906738 62
1624263755194 0.7051723599433899 63
