1624262748247 0.8375205397605896 0
1624262765787 0.7664762735366821 1
1624262783312 0.722589910030365 2
1624262799428 0.6942095160484314 3
1624262816121 0.6736570596694946 4
1624262831575 0.6579442620277405 5
1624262846990 0.6439417004585266 6
1624262862478 0.6318385601043701 7
1624262877932 0.6197412610054016 8
1624262893736 0.6114827394485474 9
1624262909228 0.6044615507125854 10
1624262924694 0.5984050035476685 11
1624262940428 0.5926934480667114 12
1624262956174 0.5874176025390625 13
1624262971764 0.5820815563201904 14
1624262987528 0.5817731618881226 15
1624263002960 0.575768232345581 16
1624263018465 0.5738279223442078 17
1624263033947 0.5730301141738892 18
1624263049485 0.566990852355957 19
1624263065226 0.565692126750946 20
1624263080895 0.5600717067718506 21
1624263096382 0.5578399300575256 22
1624263111912 0.5547820925712585 23
1624263127502 0.5531736016273499 24
1624263143169 0.5515941381454468 25
1624263159074 0.5470317602157593 26
1624263174497 0.5437830686569214 27
1624263189965 0.5422453880310059 28
1624263205448 0.5399074554443359 29
1624263221000 0.5391225218772888 30
1624263237162 0.5387135148048401 31
1624263252988 0.5295600295066833 32
1624263268597 0.5291479825973511 33
1624263284130 0.5266165137290955 34
1624263299763 0.5245030522346497 35
1624263315445 0.5220422744750977 36
1624263331007 0.5185557007789612 37
1624263346625 0.518397867679596 38
1624263362283 0.5171732902526855 39
1624263378568 0.5123302936553955 40
1624263394138 0.5108081698417664 41
1624263410895 0.508307933807373 42
1624263427809 0.5091868042945862 43
1624263445307 0.5056362748146057 44
1624263463896 0.5023173689842224 45
1624263481833 0.501223087310791 46
1624263500225 0.5006994605064392 47
1624263516424 0.49500855803489685 48
1624263532338 0.49667680263519287 49
1624263548035 0.4940687119960785 50
1624263563642 0.4948873519897461 51
1624263579299 0.4908697009086609 52
1624263594932 0.4904364347457886 53
1624263610605 0.4868415594100952 54
1624263626462 0.4862968623638153 55
1624263642046 0.4809019863605499 56
1624263657852 0.4770948588848114 57
1624263673600 0.47819823026657104 58
1624263690761 0.4771074056625366 59
1624263708282 0.47228842973709106 60
1624263723925 0.4731752574443817 61
1624263739502 0.47587350010871887 62
1624263755193 0.47177645564079285 63
