1624262748249 0.3680899441242218 0
1624262765790 0.4269610643386841 1
1624262783313 0.5406611561775208 2
1624262799430 0.6409400105476379 3
1624262816123 0.6953365802764893 4
1624262831577 0.7230631113052368 5
1624262846993 0.7324273586273193 6
1624262862481 0.7406096458435059 7
1624262877934 0.7494670152664185 8
1624262893738 0.7549062371253967 9
1624262909230 0.7562565207481384 10
1624262924696 0.7591539025306702 11
1624262940430 0.7609248161315918 12
1624262956176 0.7645857334136963 13
1624262971766 0.766864538192749 14
1624262987530 0.7661744356155396 15
1624263002962 0.7699524760246277 16
1624263018467 0.7713539004325867 17
1624263033949 0.7687557339668274 18
1624263049486 0.7735410928726196 19
1624263065227 0.774337649345398 20
1624263080898 0.778950572013855 21
1624263096384 0.7800686359405518 22
1624263111914 0.7819693684577942 23
1624263127504 0.781825602054596 24
1624263143171 0.781237781047821 25
1624263159076 0.7862234711647034 26
1624263174499 0.7870774269104004 27
1624263189967 0.7887237071990967 28
1624263205450 0.7888792157173157 29
1624263221002 0.7880144119262695 30
1624263237164 0.7875033020973206 31
1624263252990 0.7977301478385925 32
1624263268599 0.7959880828857422 33
1624263284132 0.7975385189056396 34
1624263299765 0.8002687692642212 35
1624263315447 0.8013613224029541 36
1624263331010 0.8045260310173035 37
1624263346627 0.8035378456115723 38
1624263362285 0.8034292459487915 39
1624263378570 0.8088386058807373 40
1624263394140 0.8084829449653625 41
1624263410897 0.8119203448295593 42
1624263427811 0.809000551700592 43
1624263445309 0.8114476203918457 44
1624263463899 0.816075325012207 45
1624263481835 0.815962553024292 46
1624263500227 0.8151106238365173 47
1624263516426 0.823301374912262 48
1624263532340 0.8202217817306519 49
1624263548037 0.8199065923690796 50
1624263563644 0.8199875354766846 51
1624263579301 0.8251776695251465 52
1624263594934 0.8252926468849182 53
1624263610607 0.826142430305481 54
1624263626464 0.8268324136734009 55
1624263642048 0.8337262868881226 56
1624263657854 0.8379812836647034 57
1624263673605 0.8368548154830933 58
1624263690764 0.8352330327033997 59
1624263708284 0.8396211862564087 60
1624263723927 0.8392592072486877 61
1624263739504 0.8370485901832581 62
1624263755195 0.8415870070457458 63
