1624272976330 0.0003 0
1624272997142 0.0003 1
1624273018097 0.0003 2
1624273039006 0.0003 3
1624273059801 0.0003 4
1624273080583 0.0003 5
1624273101285 0.0003 6
1624273121996 0.0003 7
1624273142484 0.0003 8
1624273163168 0.0003 9
1624273183657 0.0003 10
1624273204147 0.0003 11
1624273224620 0.0003 12
1624273245148 0.0003 13
1624273265719 0.0003 14
1624273286305 0.0003 15
1624273306668 0.0003 16
1624273327187 0.0003 17
1624273347881 0.0003 18
1624273368363 0.0003 19
1624273388840 0.0003 20
1624273409337 0.0003 21
1624273429815 0.0003 22
1624273450389 0.0003 23
