1624272976329 0.6346031427383423 0
1624272997141 0.6119664907455444 1
1624273018096 0.5976294875144958 2
1624273039006 0.5890263915061951 3
1624273059799 0.5815227031707764 4
1624273080583 0.5747460126876831 5
1624273101284 0.5678426027297974 6
1624273121995 0.5624794363975525 7
1624273142483 0.5573358535766602 8
1624273163168 0.5523247122764587 9
1624273183656 0.5476793646812439 10
1624273204147 0.5409016013145447 11
1624273224619 0.5394477844238281 12
1624273245148 0.5322156548500061 13
1624273265719 0.52815842628479 14
1624273286304 0.5238611102104187 15
1624273306667 0.5160543322563171 16
1624273327186 0.5119741559028625 17
1624273347880 0.5103894472122192 18
1624273368363 0.5019801259040833 19
1624273388839 0.5014782547950745 20
1624273409336 0.4927072823047638 21
1624273429814 0.4857320487499237 22
1624273450388 0.4816899597644806 23
