1624272976331 0.6477115154266357 0
1624272997143 0.6644250154495239 1
1624273018098 0.6750496029853821 2
1624273039007 0.6732804775238037 3
1624273059802 0.6822118759155273 4
1624273080584 0.6837146282196045 5
1624273101286 0.6824966073036194 6
1624273121996 0.685831606388092 7
1624273142489 0.6883206963539124 8
1624273163169 0.6885934472084045 9
1624273183658 0.6817538738250732 10
1624273204148 0.692689836025238 11
1624273224621 0.6940245032310486 12
1624273245149 0.6989869475364685 13
1624273265720 0.6949524879455566 14
1624273286309 0.699704110622406 15
1624273306669 0.7052709460258484 16
1624273327188 0.712041974067688 17
1624273347882 0.703731894493103 18
1624273368364 0.7038167715072632 19
1624273388841 0.7113164067268372 20
1624273409338 0.715057909488678 21
1624273429816 0.7099296450614929 22
1624273450390 0.7220901846885681 23
