1624272976331 0.7200218439102173 0
1624272997143 0.738918662071228 1
1624273018099 0.7545655965805054 2
1624273039008 0.7661893963813782 3
1624273059802 0.7741310596466064 4
1624273080585 0.7821727395057678 5
1624273101286 0.789618194103241 6
1624273121997 0.7939563393592834 7
1624273142489 0.8007394075393677 8
1624273163169 0.8038700819015503 9
1624273183658 0.8070049285888672 10
1624273204148 0.8133962154388428 11
1624273224621 0.8129383325576782 12
1624273245150 0.8204114437103271 13
1624273265721 0.8207180500030518 14
1624273286309 0.8247750997543335 15
1624273306669 0.83116215467453 16
1624273327188 0.8335068821907043 17
1624273347882 0.8319565057754517 18
1624273368365 0.8413548469543457 19
1624273388841 0.8391910195350647 20
1624273409338 0.8467110395431519 21
1624273429816 0.8506913781166077 22
1624273450390 0.8523653745651245 23
