1624272976331 0.6371428370475769 0
1624272997143 0.6435714364051819 1
1624273018098 0.6492857336997986 2
1624273039007 0.6471428275108337 3
1624273059801 0.6592857241630554 4
1624273080584 0.6642857193946838 5
1624273101285 0.6657142639160156 6
1624273121996 0.6721428632736206 7
1624273142488 0.6778571605682373 8
1624273163169 0.6821428537368774 9
1624273183657 0.6785714030265808 10
1624273204148 0.6907142996788025 11
1624273224620 0.6964285969734192 12
1624273245149 0.7028571367263794 13
1624273265720 0.7021428346633911 14
1624273286309 0.7099999785423279 15
1624273306668 0.7164285778999329 16
1624273327187 0.7250000238418579 17
1624273347881 0.7221428751945496 18
1624273368364 0.7228571176528931 19
1624273388840 0.7321428656578064 20
1624273409337 0.7364285588264465 21
1624273429815 0.7350000143051147 22
1624273450389 0.7492856979370117 23
