1622331813310 0.4325547516345978 0
1622331831885 0.5877313613891602 1
1622331851528 0.7180554270744324 2
1622331870499 0.7835205793380737 3
1622331891175 0.817101776599884 4
1622331911114 0.828093409538269 5
1622331931754 0.8375495076179504 6
1622331951196 0.8408227562904358 7
1622331970332 0.844540536403656 8
1622331990014 0.8470863699913025 9
1622332010671 0.8477733731269836 10
1622332031311 0.8474096655845642 11
1622332051986 0.8485007882118225 12
1622332073309 0.8487432599067688 13
1622332094702 0.84987473487854 14
1622332116159 0.850157618522644 15
1622332136528 0.8494302034378052 16
1622332158886 0.8506829142570496 17
1622332178706 0.8527438640594482 18
1622332198880 0.852178156375885 19
1622332220080 0.8524205684661865 20
1622332239683 0.8527034521102905 21
1622332259110 0.8530267477035522 22
1622332278151 0.851895272731781 23
1622332297503 0.8534308671951294 24
1622332316908 0.8535116910934448 25
1622332336085 0.8544006943702698 26
1622332355324 0.8532692193984985 27
1622332374333 0.8552089333534241 28
1622332393369 0.8542794585227966 29
