1622331813308 0.0017821145603961802 0
1622331831884 0.0013787032912756952 1
1622331851527 0.001111466319252889 2
1622331870498 0.0009366453060055187 3
1622331891173 0.000824121698878051 4
1622331911113 0.0007569863735921341 5
1622331931753 0.0007131087958721185 6
1622331951194 0.0006919649092331957 7
1622331970331 0.0006694763653166397 8
1622331990012 0.0006593602990156078 9
1622332010670 0.0006548849406493257 10
1622332031309 0.0006460534067110768 11
1622332051985 0.0006412623022171652 12
1622332073307 0.0006388719912094816 13
1622332094700 0.0006367823698098086 14
1622332116158 0.0006330359483568726 15
1622332136527 0.0006334149771496674 16
1622332158883 0.0006283051699007337 17
1622332178705 0.0006246682135124056 18
1622332198879 0.0006270490295912236 19
1622332220079 0.0006246289042178636 20
1622332239682 0.0006206837143054402 21
1622332259108 0.0006214125163339523 22
1622332278149 0.0006195414613561739 23
1622332297502 0.0006236842659810207 24
1622332316907 0.0006169923728336892 25
1622332336083 0.0006199280750122354 26
1622332355323 0.0006214598958362983 27
1622332374331 0.0006195498344526905 28
1622332393368 0.0006155958776282078 29
