1622912119303 0.0003 0
1622912129103 0.0003 1
1622912139157 0.0003 2
1622912149189 0.0003 3
1622912158915 0.0003 4
1622912169176 0.0003 5
1622912179414 0.0003 6
1622912189537 0.0003 7
1622912199790 0.0003 8
1622912209904 0.0003 9
1622912220189 0.0003 10
1622912230419 0.0003 11
1622912240726 0.0003 12
1622912251219 0.0003 13
1622912261434 0.0003 14
1622912271429 0.0003 15
1622912281716 0.0003 16
1622912291850 0.0003 17
1622912302154 0.0003 18
1622912312305 0.0003 19
1622912322461 0.0003 20
1622912332791 0.0003 21
1622912343085 0.0003 22
1622912353086 0.0003 23
1622912363246 0.0003 24
1622912373286 0.0003 25
1622912383567 0.0003 26
1622912393922 0.0003 27
1622912404063 0.0003 28
1622912413953 0.0003 29
1622912424188 0.0003 30
1622912434397 0.0003 31
1622912444528 0.0003 32
1622912454746 0.0003 33
1622912464902 0.0003 34
1622912474952 0.0003 35
1622912485160 0.00015 36
1622912495548 0.00015 37
1622912505551 0.00015 38
1622912515819 0.00015 39
1622912525981 0.00015 40
1622912536000 0.00015 41
1622912546444 0.00015 42
1622912556773 0.00015 43
1622912567219 0.00015 44
1622912577003 0.00015 45
1622912587261 0.00015 46
1622912597266 7.5e-05 47
1622912607325 7.5e-05 48
1622912617639 7.5e-05 49
1622912627913 7.5e-05 50
1622912637979 7.5e-05 51
1622912648381 7.5e-05 52
1622912658600 7.5e-05 53
1622912668781 7.5e-05 54
1622913137618 7.5e-05 55
1622913149243 7.5e-05 56
1622913160900 7.5e-05 57
1622913173107 3.75e-05 58
1622913186142 3.75e-05 59
1622913197898 3.75e-05 60
1622913209346 3.75e-05 61
1622913222159 3.75e-05 62
1622913233985 3.75e-05 63
1622913246609 3.75e-05 64
1622913259493 3.75e-05 65
1622913271254 3.75e-05 66
1622913283505 3.75e-05 67
1622913296650 3.75e-05 68
1622913309750 1.875e-05 69
1622913321317 1.875e-05 70
1622913333128 1.875e-05 71
1622913345713 1.875e-05 72
1622913357140 1.875e-05 73
1622913368870 1.875e-05 74
1622913380489 1.875e-05 75
1622913392190 1.875e-05 76
1622913403842 1.875e-05 77
1622913415717 1.875e-05 78
1622913427006 1.875e-05 79
1622913438947 9.375e-06 80
1622913451127 9.375e-06 81
1622913463904 9.375e-06 82
1622913476051 9.375e-06 83
1622913487528 9.375e-06 84
1622913499999 9.375e-06 85
1622913511676 9.375e-06 86
1622913524287 9.375e-06 87
1622913535381 9.375e-06 88
1622913546229 9.375e-06 89
1622913557330 9.375e-06 90
1622913568461 4.6875e-06 91
1622913579727 4.6875e-06 92
1622913590774 4.6875e-06 93
1622913601802 4.6875e-06 94
1622913612904 4.6875e-06 95
1622913624026 4.6875e-06 96
1622913635373 4.6875e-06 97
1622913646371 4.6875e-06 98
1622913657658 4.6875e-06 99
