1624313947962 0.5801640748977661 0
1624313967999 0.6765537261962891 1
1624313988900 0.6905444264411926 2
1624314008857 0.6911976337432861 3
1624314028959 0.7024608254432678 4
1624314049494 0.7198795080184937 5
1624314069302 0.7113480567932129 6
1624314089997 0.7247706651687622 7
1624314109849 0.7433489561080933 8
1624314129013 0.7384132146835327 9
1624314147915 0.7514078617095947 10
1624314166903 0.7540452480316162 11
1624314185952 0.7635189890861511 12
1624314204979 0.7694805264472961 13
1624314224753 0.7851372361183167 14
1624314244979 0.7959865927696228 15
