1624313947960 0.6517379879951477 0
1624313967997 0.5834143161773682 1
1624313988899 0.5792388916015625 2
1624314008855 0.5482082366943359 3
1624314028957 0.5341894030570984 4
1624314049492 0.5257647633552551 5
1624314069300 0.5176941752433777 6
1624314089995 0.4867689907550812 7
1624314109847 0.48061084747314453 8
1624314129011 0.4700610637664795 9
1624314147913 0.45891663432121277 10
1624314166901 0.45421087741851807 11
1624314185951 0.4485286474227905 12
1624314204978 0.4136617183685303 13
1624314224751 0.4181954860687256 14
1624314244977 0.38660669326782227 15
