1624313947961 0.5978571176528931 0
1624313967999 0.6728571653366089 1
1624313988900 0.691428542137146 2
1624314008856 0.6942856907844543 3
1624314028958 0.7149999737739563 4
1624314049493 0.7342857122421265 5
1624314069301 0.729285717010498 6
1624314089996 0.7428571581840515 7
1624314109848 0.7657142877578735 8
1624314129012 0.7621428370475769 9
1624314147915 0.779285728931427 10
1624314166902 0.7828571200370789 11
1624314185952 0.7907142639160156 12
1624314204979 0.7971428632736206 13
1624314224753 0.8100000023841858 14
1624314244978 0.8257142901420593 15
