1624313947962 0.6548447608947754 0
1624313968000 0.7705169916152954 1
1624313988901 0.7875352501869202 2
1624314008857 0.8077056407928467 3
1624314028959 0.8195382356643677 4
1624314049494 0.8285490274429321 5
1624314069302 0.8335771560668945 6
1624314089997 0.8570581078529358 7
1624314109849 0.8596254587173462 8
1624314129013 0.8647729754447937 9
1624314147916 0.8781495094299316 10
1624314166903 0.8801833987236023 11
1624314185953 0.8805837631225586 12
1624314204980 0.8969930410385132 13
1624314224754 0.8968971967697144 14
1624314244979 0.9152190685272217 15
