1624292150028 0.0003 0
1624292167364 0.0003 1
1624292184797 0.0003 2
1624292202198 0.0003 3
1624292219596 0.0003 4
1624292237112 0.0003 5
1624292254572 0.0003 6
1624292271888 0.0003 7
1624292289213 0.0003 8
1624292306554 0.0003 9
1624292324641 0.0003 10
1624292341987 0.0003 11
1624292359329 0.0003 12
1624292376678 0.0003 13
1624292394206 0.0003 14
1624292411729 0.0003 15
1624292429096 0.0003 16
1624292446411 0.0003 17
1624292463770 0.0003 18
1624292481087 0.0003 19
1624292498592 0.0003 20
1624292516231 0.0003 21
