1624292150027 0.6491613984107971 0
1624292167363 0.6230823397636414 1
1624292184796 0.6122658252716064 2
1624292202197 0.6074625849723816 3
1624292219595 0.599368155002594 4
1624292237112 0.590516209602356 5
1624292254572 0.5848622918128967 6
1624292271887 0.5819319486618042 7
1624292289213 0.5755543112754822 8
1624292306553 0.5719711780548096 9
1624292324640 0.5670714974403381 10
1624292341986 0.5604881644248962 11
1624292359329 0.5575718879699707 12
1624292376677 0.5543949604034424 13
1624292394205 0.5504747629165649 14
1624292411729 0.5484300255775452 15
1624292429095 0.5418065786361694 16
1624292446411 0.5402286052703857 17
1624292463769 0.5376833081245422 18
1624292481087 0.5298464298248291 19
1624292498592 0.5293613076210022 20
1624292516230 0.5265375375747681 21
