1624292150028 0.595714271068573 0
1624292167364 0.5942857265472412 1
1624292184801 0.6050000190734863 2
1624292202202 0.6085714101791382 3
1624292219597 0.618571400642395 4
1624292237113 0.6192857027053833 5
1624292254573 0.625 6
1624292271892 0.631428599357605 7
1624292289214 0.6442857384681702 8
1624292306554 0.6499999761581421 9
1624292324642 0.654285728931427 10
1624292341991 0.6664285659790039 11
1624292359330 0.6807143092155457 12
1624292376678 0.677142858505249 13
1624292394206 0.6907142996788025 14
1624292411730 0.6871428489685059 15
1624292429096 0.6985714435577393 16
1624292446412 0.7014285922050476 17
1624292463771 0.7107142806053162 18
1624292481088 0.7149999737739563 19
1624292498593 0.7135714292526245 20
1624292516235 0.7221428751945496 21
