1624292150029 0.6733368635177612 0
1624292167365 0.6914179921150208 1
1624292184802 0.7057721614837646 2
1624292202202 0.7151640057563782 3
1624292219597 0.7271010279655457 4
1624292237114 0.7368294596672058 5
1624292254574 0.7458550930023193 6
1624292271893 0.7503848671913147 7
1624292289215 0.7623687386512756 8
1624292306555 0.7656420469284058 9
1624292324643 0.7681871056556702 10
1624292341992 0.7753960490226746 11
1624292359331 0.7784522175788879 12
1624292376679 0.7829011082649231 13
1624292394207 0.7870837450027466 14
1624292411731 0.7852906584739685 15
1624292429097 0.7932705283164978 16
1624292446413 0.7936113476753235 17
1624292463772 0.7964991927146912 18
1624292481089 0.8046494722366333 19
1624292498594 0.8014273047447205 20
1624292516235 0.8052842617034912 21
