1624292150029 0.6002824902534485 0
1624292167364 0.6228419542312622 1
1624292184801 0.6420711874961853 2
1624292202202 0.6446173787117004 3
1624292219597 0.6505234837532043 4
1624292237113 0.6472534537315369 5
1624292254573 0.6492986083030701 6
1624292271892 0.654618501663208 7
1624292289214 0.6639676094055176 8
1624292306555 0.662998616695404 9
1624292324643 0.6624825596809387 10
1624292341991 0.667141854763031 11
1624292359330 0.6795699000358582 12
1624292376679 0.6738817095756531 13
1624292394207 0.679970383644104 14
1624292411730 0.6721556782722473 15
1624292429097 0.6798179149627686 16
1624292446412 0.6794478297233582 17
1624292463771 0.6828504204750061 18
1624292481088 0.6865671277046204 19
1624292498593 0.6840031147003174 20
1624292516235 0.6880513429641724 21
