1622911101835 0.6079366362240362 0
1622911111801 0.7490907621433767 1
1622911121986 0.7935828012608098 2
1622911132815 0.8117271478218702 3
1622911144027 0.8206174735310757 4
1622911155022 0.8269619332417361 5
1622911165779 0.8331851612381799 6
1622911176580 0.8372666289501334 7
1622911186766 0.8411460438050594 8
1622911196662 0.8442576578032813 9
1622911206963 0.8490261052291279 10
1622911217066 0.8476117352299362 11
1622911226914 0.8501576012284814 12
1622911237141 0.8531075729410814 13
1622911247285 0.85383496322638 14
1622911257388 0.853067162369676 15
1622911267484 0.8525418249414046 16
1622911277863 0.8569061666531965 17
1622911287615 0.8579164309383335 18
1622911297775 0.8606239392225006 19
1622911307932 0.859977370080013 20
1622911318062 0.8636547320779115 21
1622911328618 0.8605027075082842 22
1622911338857 0.8621595409359089 23
1622911348741 0.8638163743635335 24
1622911358911 0.8640588377919663 25
1622911368967 0.8655944395053746 26
1622911378736 0.8654327972197526 27
1622911388886 0.8655944395053746 28
1622911399137 0.8654732077911582 29
1622911409102 0.8664026509334842 30
1622911419235 0.8680998949325144 31
1622911429439 0.8682615372181363 32
1622911439433 0.8675745575042431 33
1622911449530 0.8697567283601391 34
1622911459684 0.8710902772165199 35
1622911469681 0.8723430049300898 36
1622911480100 0.8721005415016568 37
1622911490177 0.8723430049300898 38
1622911500427 0.8719793097874404 39
1622911510369 0.8718580780732239 40
1622911520544 0.8735149115008486 41
1622911530657 0.8718984886446295 42
1622911540639 0.872625878929928 43
1622911550817 0.8750505132142569 44
1622911560998 0.8773943263557746 45
1622911571226 0.8750505132142569 46
1622911581295 0.8771922734987473 47
1622911591544 0.8769902206417198 48
1622911601611 0.8770710417845309 49
1622911611801 0.8780004849268569 50
1622911622179 0.8784854117837226 51
1622911632162 0.8785258223551281 52
1622911642453 0.8785662329265336 53
1622911652832 0.877919663784046 54
1622911662678 0.8776367897842076 55
1622911672835 0.8777176109270185 56
1622911683190 0.8791723914976157 57
1622911693052 0.8796573183544816 58
1622911703414 0.8801018346399418 59
1622911713720 0.8784045906409117 60
1622911723637 0.8810312777822679 61
1622911733699 0.879697728925887 62
1622911743897 0.8807484037824295 63
1622911754049 0.878849106926372 64
1622911764443 0.8814353834963227 65
1622911774713 0.8798997817829144 66
1622911784573 0.8820415420674048 67
1622911794782 0.8810312777822679 68
1622911805032 0.8806675826396185 69
1622911815341 0.8810312777822679 70
1622911825531 0.8822435949244323 71
1622911835597 0.8803847086397801 72
1622911845764 0.8840620706376788 73
1622911855437 0.8804251192111856 74
1622911865879 0.8820819526388103 75
1622911875871 0.8813545623535117 76
1622911885908 0.8803847086397801 77
1622911896115 0.882809342924109 78
1622911906391 0.8829305746383254 79
1622911916638 0.8833750909237856 80
1622911926627 0.8820819526388103 81
1622911936931 0.8794956760688596 82
1622911946679 0.8801422452113473 83
1622911956975 0.8812333306392952 84
1622911967155 0.8783641800695062 85
1622911977261 0.8824052372100541 86
1622911987342 0.8821627737816212 87
1622911997788 0.8813141517821061 88
1622912007809 0.880707993211024 89
1622912018155 0.8813545623535117 90
1622912028295 0.8803038874969692 91
1622912038200 0.8803442980683747 92
1622912048301 0.8816778469247555 93
1622912058432 0.883657964923624 94
1622912068341 0.8821627737816212 95
1622912078667 0.882728521781298 96
1622912088929 0.8833346803523802 97
1622912098884 0.8808292249252404 98
1622912109097 0.8822031843530268 99
