1622911101834 0.001272827680712325 0
1622911111800 0.0010791494689684894 1
1622911121985 0.0009756792668796035 2
1622911132813 0.000906120251406851 3
1622911144025 0.0008689557991522666 4
1622911155021 0.0008319078560818911 5
1622911165778 0.000797143109804559 6
1622911176579 0.0007764145034619544 7
1622911186765 0.0007558139786997367 8
1622911196660 0.0007386094084613047 9
1622911206961 0.0007200409309524713 10
1622911217065 0.0007075679039190149 11
1622911226912 0.0006933845143054958 12
1622911237140 0.0006808341127546855 13
1622911247284 0.0006770795452212263 14
1622911257387 0.000669276043272901 15
1622911267483 0.0006686184255113157 16
1622911277862 0.0006494575386279365 17
1622911287613 0.0006406943467404649 18
1622911297774 0.0006338314593662049 19
1622911307930 0.0006292325489004418 20
1622911318060 0.000617346052912283 21
1622911328617 0.0006236170114392193 22
1622911338855 0.0006162858207811778 23
1622911348740 0.0006116413541669884 24
1622911358909 0.0006054317574006588 25
1622911368965 0.0006034819441316469 26
1622911378735 0.0005996228565079484 27
1622911388885 0.0006031596079164032 28
1622911399136 0.0006027248259225813 29
1622911409101 0.000601849871961049 30
1622911419234 0.0005925585077948321 31
1622911429437 0.0005856888665442304 32
1622911439432 0.0005897987881734225 33
1622911449529 0.0005816533983327015 34
1622911459682 0.0005729490342978796 35
1622911469679 0.0005735240983257758 36
1622911480099 0.0005711010879825911 37
1622911490176 0.0005671104557308203 38
1622911500426 0.000567616493649137 39
1622911510368 0.0005727500008860392 40
1622911520543 0.0005633580042031976 41
1622911530656 0.0005689685202151679 42
1622911540638 0.0005592663299629839 43
1622911550815 0.0005600738553571921 44
1622911560996 0.0005568700737857996 45
1622911571225 0.0005640673021255483 46
1622911581294 0.0005489992173363761 47
1622911591542 0.0005457447907248879 48
1622911601610 0.000552215165038083 49
1622911611799 0.0005455007419082868 50
1622911622178 0.0005437150732457161 51
1622911632161 0.0005415596400902361 52
1622911642451 0.0005424493627367858 53
1622911652830 0.0005521470144755972 54
1622911662677 0.0005443818282504904 55
1622911672833 0.0005416129328473676 56
1622911683189 0.0005383894568858512 57
1622911693051 0.000539340010183973 58
1622911703413 0.0005391953486079379 59
1622911713719 0.0005421498961247498 60
1622911723635 0.0005341538701621638 61
1622911733698 0.0005369107993535657 62
1622911743895 0.0005347382954384201 63
1622911754048 0.0005405950948992225 64
1622911764442 0.0005323616951128356 65
1622911774712 0.000535267493203204 66
1622911784572 0.0005348088438196999 67
1622911794781 0.0005321801136307504 68
1622911805030 0.0005333034116478232 69
1622911815339 0.0005277727944265328 70
1622911825530 0.0005259488148580591 71
1622911835596 0.0005315806794058657 72
1622911845763 0.0005271506080205059 73
1622911855435 0.0005343372810198131 74
1622911865878 0.0005295568504927375 75
1622911875869 0.0005366410628041848 76
1622911885906 0.0005385582670623614 77
1622911896114 0.0005257419430717235 78
1622911906389 0.000523443206221017 79
1622911916637 0.0005296839132108945 80
1622911926626 0.000527742099094283 81
1622911936930 0.0005305088694591024 82
1622911946678 0.0005277941748770844 83
1622911956974 0.0005329328793952548 84
1622911967153 0.0005303579471794007 85
1622911977259 0.0005256921193839218 86
1622911987341 0.0005239835054893882 87
1622911997787 0.0005266735028991277 88
1622912007808 0.0005300283711411135 89
1622912018154 0.0005267796072840046 90
1622912028294 0.000529454469892748 91
1622912038199 0.0005235020973009328 92
1622912048299 0.0005293700042869669 93
1622912058431 0.0005241950229743665 94
1622912068339 0.0005233330083222876 95
1622912078666 0.0005248898069272573 96
1622912088928 0.0005229673903337015 97
1622912098883 0.0005218074614495089 98
1622912109095 0.0005289088944595671 99
