1624298870283 0.0003 0
1624298893709 0.0003 1
1624298917135 0.0003 2
1624298940011 0.0003 3
1624298963319 0.0003 4
1624298986138 0.0003 5
1624299009483 0.0003 6
1624299032731 0.0003 7
1624299055714 0.0003 8
1624299079400 0.0003 9
1624299103122 0.0003 10
1624299127168 0.0003 11
1624299151014 0.0003 12
1624299175014 0.0003 13
1624299198927 0.0003 14
1624299222838 0.0003 15
1624299246701 0.0003 16
1624305019360 0.0003 17
1624305042793 0.0003 18
1624305066705 0.0003 19
1624305091000 0.0003 20
1624305115293 0.0003 21
1624305140022 0.0003 22
