1624298870282 0.6869651675224304 0
1624298893708 0.6655845046043396 1
1624298917134 0.6389912962913513 2
1624298940010 0.6195078492164612 3
1624298963319 0.6151130795478821 4
1624298986138 0.6127636432647705 5
1624299009483 0.5997021794319153 6
1624299032731 0.5943562388420105 7
1624299055713 0.5828545689582825 8
1624299079399 0.5890845656394958 9
1624299103121 0.5814717411994934 10
1624299127167 0.5780026316642761 11
1624299151013 0.5799307227134705 12
1624299175013 0.5748571753501892 13
1624299198926 0.5727146863937378 14
1624299222837 0.5534094572067261 15
1624299246700 0.5619127154350281 16
1624305019360 0.5665295720100403 17
1624305042792 0.5613224506378174 18
1624305066705 0.5500208735466003 19
1624305090999 0.5619778633117676 20
1624305115292 0.550311803817749 21
1624305140021 0.5455353856086731 22
