1624298870283 0.6000000238418579 0
1624298893709 0.6064285635948181 1
1624298917135 0.604285717010498 2
1624298940012 0.618571400642395 3
1624298963320 0.6449999809265137 4
1624298986139 0.6407142877578735 5
1624299009484 0.6485714316368103 6
1624299032732 0.6571428775787354 7
1624299055715 0.6650000214576721 8
1624299079401 0.6485714316368103 9
1624299103123 0.6585714221000671 10
1624299127168 0.6692857146263123 11
1624299151014 0.6607142686843872 12
1624299175014 0.668571412563324 13
1624299198927 0.675000011920929 14
1624299222838 0.683571457862854 15
1624299246701 0.6692857146263123 16
1624305019361 0.6721428632736206 17
1624305042793 0.6864285469055176 18
1624305066706 0.6964285969734192 19
1624305091000 0.6857143044471741 20
1624305115293 0.6892856955528259 21
1624305140022 0.6957142949104309 22
