1624298870284 0.5491143465042114 0
1624298893710 0.5835223197937012 1
1624298917136 0.5967976450920105 2
1624298940012 0.6218129992485046 3
1624298963320 0.65557861328125 4
1624298986139 0.6499651670455933 5
1624299009484 0.6583333611488342 6
1624299032732 0.6662030816078186 7
1624299055715 0.6699507236480713 8
1624299079401 0.6525424122810364 9
1624299103123 0.6638537049293518 10
1624299127169 0.6704626083374023 11
1624299151015 0.6609565019607544 12
1624299175015 0.6685714721679688 13
1624299198928 0.672897219657898 14
1624299222839 0.683797299861908 15
1624299246701 0.6632727384567261 16
1624305019361 0.6661818623542786 17
1624305042794 0.6755358576774597 18
1624305066706 0.6840148568153381 19
1624305091001 0.6731054782867432 20
1624305115294 0.6726862192153931 21
1624305140023 0.6757991313934326 22
