1624298870284 0.6202031373977661 0
1624298893710 0.6645752787590027 1
1624298917137 0.6831888556480408 2
1624298940012 0.6993638277053833 3
1624298963320 0.7239618897438049 4
1624298986140 0.7180711030960083 5
1624299009485 0.7403455972671509 6
1624299032733 0.7458997964859009 7
1624299055716 0.7545016407966614 8
1624299079402 0.744042694568634 9
1624299103123 0.7540138959884644 10
1624299127169 0.7696352005004883 11
1624299151015 0.7586290240287781 12
1624299175015 0.7647241950035095 13
1624299198928 0.773664653301239 14
1624299222839 0.7839425802230835 15
1624299246702 0.7733069062232971 16
1624305019362 0.7713794708251953 17
1624305042794 0.7798556089401245 18
1624305066707 0.7864939570426941 19
1624305091001 0.7747529149055481 20
1624305115294 0.7906510233879089 21
1624305140023 0.7880699038505554 22
