1622901497467 0.6507718419138446 0
1622901507492 0.7570112341388507 1
1622901519515 0.7783076052695385 2
1622901531634 0.7915218621191303 3
1622901544312 0.7999272609714702 4
1622901555868 0.8025539481128263 5
1622901567389 0.8046957083973167 6
1622901579262 0.8132627495352784 7
1622901591483 0.808171017538188 8
1622901604280 0.81002990382284 9
1622901615632 0.8144346561060374 10
1622901627142 0.8239715509577306 11
1622901639239 0.8272852178129799 12
1622901651440 0.8313262749535278 13
1622901663422 0.8282146609553059 14
1622901675366 0.8268002909561141 15
1622901687790 0.8316091489533662 16
1622901699707 0.8247393518144347 17
1622901712275 0.8262749535278429 18
1622901724179 0.8272043966701689 19
1622901735854 0.8274872706700073 20
1622901748036 0.8295077992402813 21
1622901760020 0.8322557180958539 22
1622901772646 0.8315283278105552 23
1622901784884 0.8314070960963388 24
1622901796925 0.8265578275276813 25
1622901809487 0.8277701446698457 26
1622901822171 0.8250626363856784 27
1622901834490 0.8249818152428675 28
1622901846463 0.8306797058110401 29
1622901857941 0.8303968318112018 30
1622901869641 0.8286995878121717 31
1622901881260 0.8302756000969854 32
1622901892934 0.8324577709528813 33
1622901904480 0.8330639295239635 34
1622901917058 0.8333063929523964 35
1622901928663 0.8343570678089388 36
1622901940384 0.8334680352380183 37
1622901952043 0.8355693849511032 38
1622901963593 0.8340741938091004 39
1622901975207 0.8342358360947224 40
1622901986741 0.8348015840943991 41
1622901998390 0.835973490665158 42
1622902009894 0.8360947223793744 43
1622902021532 0.8376303240927827 44
1622902033137 0.8364584175220238 45
1622902044686 0.8354077426654813 46
1622902056366 0.8370645760931059 47
1622902067908 0.8374282712357553 48
1622902079527 0.8365796492362402 49
1622902090995 0.8381960720924594 50
1622902102682 0.8390446940919745 51
1622902114042 0.8374686818071607 52
1622902125676 0.8388426412349471 53
1622902137301 0.8354077426654813 54
1622902148882 0.8377919663784046 55
1622902160902 0.8386001778065142 56
1622902173376 0.8393679786632183 57
1622902185626 0.83783237694981 58
1622902197740 0.8386001778065142 59
1622902209516 0.8404186535197607 60
1622902221345 0.8383173038066758 61
1622902233048 0.8405802958053827 62
1622902244953 0.8389234623777581 63
1622902257607 0.8393679786632183 64
1622902269562 0.8405802958053827 65
1622902281918 0.8402570112341389 66
1622902293672 0.8402166006627334 67
1622902305740 0.8394487998060293 68
1622902318162 0.8400549583771114 69
1622902330313 0.8417522023761416 70
1622902341967 0.841024812090843 71
1622902353609 0.8398124949486786 72
1622902365553 0.840863169805221 73
1622902376984 0.8384789460922978 74
1622902388604 0.8394487998060293 75
1622902400064 0.8418734340903581 76
1622902412346 0.841792612947547 77
1622902424560 0.84203507637598 78
1622902436530 0.8409844015194374 79
1622902449012 0.8419138446617636 80
1622902460839 0.8411864543764649 81
1622902472313 0.8421967186616018 82
1622902484354 0.8419138446617636 83
1622902496132 0.841954255233169 84
1622902507978 0.8421967186616018 85
1622902520355 0.8410652226622485 86
1622902532459 0.8416309706619252 87
1622902544546 0.8404186535197607 88
1622902556194 0.8414289178048978 89
1622902567855 0.8407015275195991 90
1622902580094 0.8414693283763033 91
1622902591960 0.8418734340903581 92
1622902604862 0.8426412349470621 93
1622902618068 0.8415097389477088 94
1622902630480 0.8416713812333306 95
1622902642961 0.840014547805706 96
1622902655687 0.8428028772326841 97
1622902667816 0.8415097389477088 98
1622902679736 0.842883698375495 99
