1622901497466 0.00019196324742313422 0
1622901507491 0.0001612504210919539 1
1622901519514 0.00013976022366283495 2
1622901531633 0.00012944692080864704 3
1622901544311 0.00011988296342495332 4
1622901555867 0.00012216179573014687 5
1622901567388 0.00011573371323195731 6
1622901579261 0.00011448087157924106 7
1622901591481 0.00011292141742909782 8
1622901604279 0.00011042632860479538 9
1622901615631 0.00011058993427406409 10
1622901627141 0.00010548936061462955 11
1622901639238 0.00010573342749616375 12
1622901651439 0.00010716574546408848 13
1622901663421 0.00010791230893487698 14
1622901675365 0.00010780485148650697 15
1622901687789 0.00010782307177808554 16
1622901699706 0.00010683340248020659 17
1622901712273 0.00010508965831233392 18
1622901724178 0.0001050794166995648 19
1622901735853 0.0001031975275792099 20
1622901748035 0.00010245995442348743 21
1622901760019 0.00010660854946157439 22
1622901772644 0.0001003077163525178 23
1622901784883 0.00010197080902416242 24
1622901796924 0.00010539389707754454 25
1622901809485 0.00010306874026210115 26
1622901822170 0.00010196763320891404 27
1622901834489 0.00010576247350001676 28
1622901846462 0.00010046298083998513 29
1622901857940 0.00010403002714133827 30
1622901869640 9.968957769584609e-05 31
1622901881258 0.00010288282440038792 32
1622901892933 9.898935800456947e-05 33
1622901904479 9.983310479407918e-05 34
1622901917057 9.88777901817426e-05 35
1622901928662 0.0001030858826793349 36
1622901940382 9.969550901556482e-05 37
1622901952042 9.879323063830903e-05 38
1622901963592 0.00010395368593816064 39
1622901975206 9.579217434892906e-05 40
1622901986739 9.798352300017592e-05 41
1622901998389 0.00010120140184323693 42
1622902009893 9.852130281253667e-05 43
1622902021531 9.956911951724997e-05 44
1622902033136 0.00010179861046835705 45
1622902044685 0.00010156485986798234 46
1622902056364 9.81527035078158e-05 47
1622902067907 9.975667928788018e-05 48
1622902079526 9.855238894950714e-05 49
1622902090994 9.703152992688182e-05 50
1622902102681 0.00010145170112670909 51
1622902114041 9.987664128297901e-05 52
1622902125675 9.929864170344541e-05 53
1622902137300 9.502460858685636e-05 54
1622902148881 9.833605294469236e-05 55
1622902160901 0.00010105935486519355 56
1622902173375 9.699811100487681e-05 57
1622902185625 9.478441362266137e-05 58
1622902197739 9.871711103164474e-05 59
1622902209515 9.875740546720796e-05 60
1622902221344 9.790190563218861e-05 61
1622902233047 9.728579024803009e-05 62
1622902244952 9.634136517739842e-05 63
1622902257606 9.688724289712742e-05 64
1622902269561 9.655226243300513e-05 65
1622902281917 9.638926976713475e-05 66
1622902293671 9.614210173874253e-05 67
1622902305739 9.994315997983667e-05 68
1622902318161 9.58095528146227e-05 69
1622902330311 9.598621943056135e-05 70
1622902341966 9.823319964561873e-05 71
1622902353607 9.489104249276408e-05 72
1622902365552 9.337614610240828e-05 73
1622902376983 9.38929970875463e-05 74
1622902388603 9.572317714324275e-05 75
1622902400063 9.942304044612674e-05 76
1622902412345 9.508328951138317e-05 77
1622902424559 9.685251005231771e-05 78
1622902436529 9.754930944958394e-05 79
1622902449011 9.792844061033328e-05 80
1622902460837 9.349053205480709e-05 81
1622902472312 9.878956345687887e-05 82
1622902484353 9.768777354921855e-05 83
1622902496131 9.467917695674035e-05 84
1622902507976 9.851712258700497e-05 85
1622902520354 9.391146065355803e-05 86
1622902532458 9.688850864677704e-05 87
1622902544545 9.24265966124054e-05 88
1622902556192 9.366247649721943e-05 89
1622902567854 9.903599684465618e-05 90
1622902580093 9.250020760201911e-05 91
1622902591959 9.57015883437955e-05 92
1622902604861 9.302645114806805e-05 93
1622902618066 9.727508015132784e-05 94
1622902630479 9.438853265589214e-05 95
1622902642960 9.810976316171003e-05 96
1622902655686 9.302377874229022e-05 97
1622902667815 9.648066026395809e-05 98
1622902679735 9.456232815178829e-05 99
