1624311891025 0.0003 0
1624311906961 0.0003 1
1624311925130 0.0003 2
1624311943072 0.0003 3
1624311960669 0.0003 4
1624311977281 0.0003 5
1624311994407 0.0003 6
1624312011213 0.0003 7
1624312028379 0.0003 8
1624312045747 0.0003 9
1624312063065 0.0003 10
1624312080332 0.0003 11
1624312097256 0.0003 12
1624312114542 0.0003 13
1624312131833 0.0003 14
1624312148459 0.0003 15
1624312165092 0.0003 16
1624312182690 0.0003 17
1624312199878 0.0003 18
1624312217181 0.0003 19
1624312234748 0.0003 20
1624312251475 0.0003 21
1624312268637 0.0003 22
1624312285248 0.0003 23
1624312302833 0.0003 24
1624312319626 0.0003 25
1624312336358 0.0003 26
1624312352948 0.0003 27
1624312370057 0.0003 28
