1624311891030 0.4834488034248352 0
1624311906961 0.5351895093917847 1
1624311925131 0.605182945728302 2
1624311943073 0.6104783415794373 3
1624311960670 0.6551724672317505 4
1624311977282 0.6618182063102722 5
1624311994408 0.6720827221870422 6
1624312011214 0.6731054782867432 7
1624312028380 0.676669180393219 8
1624312045747 0.6806597113609314 9
1624312063066 0.6875466108322144 10
1624312080333 0.6838124394416809 11
1624312097257 0.6851574182510376 12
1624312114543 0.6912442445755005 13
1624312131834 0.6980695128440857 14
1624312148460 0.7084639668464661 15
1624312165093 0.7230047583580017 16
1624312182691 0.7072784304618835 17
1624312199879 0.6910246014595032 18
1624312217182 0.7203187346458435 19
1624312234749 0.703314483165741 20
1624312251475 0.7071029543876648 21
1624312268638 0.7116166353225708 22
1624312285249 0.690730094909668 23
1624312302834 0.7305784821510315 24
1624312319627 0.7233333587646484 25
1624312336359 0.702838122844696 26
1624312352949 0.704809308052063 27
1624312370059 0.7248321771621704 28
