1624311891029 0.520714282989502 0
1624311906961 0.5707142949104309 1
1624311925131 0.6299999952316284 2
1624311943072 0.633571445941925 3
1624311960669 0.6714285612106323 4
1624311977281 0.6678571701049805 5
1624311994408 0.6828571557998657 6
1624312011213 0.6857143044471741 7
1624312028380 0.6921428442001343 8
1624312045747 0.6957142949104309 9
1624312063066 0.7007142901420593 10
1624312080332 0.7014285922050476 11
1624312097256 0.699999988079071 12
1624312114543 0.7128571271896362 13
1624312131834 0.720714271068573 14
1624312148460 0.7342857122421265 15
1624312165093 0.7471428513526917 16
1624312182691 0.7357142567634583 17
1624312199879 0.7221428751945496 18
1624312217182 0.7492856979370117 19
1624312234748 0.7378571629524231 20
1624312251475 0.7378571629524231 21
1624312268637 0.7464285492897034 22
1624312285248 0.7307142615318298 23
1624312302833 0.7671428322792053 24
1624312319626 0.7628571391105652 25
1624312336359 0.7457143068313599 26
1624312352949 0.7457143068313599 27
1624312370058 0.7657142877578735 28
