1624311891030 0.5349856019020081 0
1624311906962 0.6226757168769836 1
1624311925132 0.6982926726341248 2
1624311943073 0.7181754112243652 3
1624311960670 0.7576769590377808 4
1624311977282 0.7641640901565552 5
1624311994409 0.7752916812896729 6
1624312011214 0.7785202860832214 7
1624312028381 0.7766717672348022 8
1624312045748 0.7821131348609924 9
1624312063066 0.7985990643501282 10
1624312080333 0.7976832985877991 11
1624312097257 0.8030821084976196 12
1624312114544 0.8115923404693604 13
1624312131835 0.8107916116714478 14
1624312148461 0.8255652785301208 15
1624312165093 0.8365204334259033 16
1624312182692 0.8299865126609802 17
1624312199880 0.8215742707252502 18
1624312217183 0.839048445224762 19
1624312234749 0.8304486870765686 20
1624312251476 0.8299843668937683 21
1624312268638 0.8452798128128052 22
1624312285249 0.8338923454284668 23
1624312302834 0.8495200872421265 24
1624312319627 0.8546590805053711 25
1624312336360 0.8438316583633423 26
1624312352950 0.8390505313873291 27
1624312370059 0.8475948572158813 28
