1624311891024 0.7619579434394836 0
1624311906960 0.6975464224815369 1
1624311925129 0.6396542191505432 2
1624311943071 0.632706880569458 3
1624311960668 0.5966324210166931 4
1624311977280 0.5923650860786438 5
1624311994406 0.5793675780296326 6
1624312011212 0.5653002262115479 7
1624312028379 0.5751942992210388 8
1624312045746 0.5722268223762512 9
1624312063064 0.5588964819908142 10
1624312080331 0.553226113319397 11
1624312097255 0.543389618396759 12
1624312114541 0.5323980450630188 13
1624312131832 0.5342954993247986 14
1624312148459 0.5145412087440491 15
1624312165091 0.5085127353668213 16
1624312182689 0.5106058716773987 17
1624312199878 0.5170573592185974 18
1624312217180 0.49770721793174744 19
1624312234747 0.5033421516418457 20
1624312251474 0.5078058242797852 21
1624312268636 0.4828713834285736 22
1624312285247 0.4997841417789459 23
1624312302832 0.4817222058773041 24
1624312319625 0.47627314925193787 25
1624312336358 0.4742368757724762 26
1624312352947 0.49058136343955994 27
1624312370056 0.47798773646354675 28
