1624315306137 0.6024494171142578 0
1624315338241 0.5756896138191223 1
1624315368560 0.5613630414009094 2
1624315398767 0.5373296141624451 3
1624315428725 0.5371699929237366 4
1624315458518 0.5292128920555115 5
1624315488003 0.5260421633720398 6
1624315517397 0.5162356495857239 7
1624315547941 0.5020624995231628 8
1624315578009 0.5034844279289246 9
1624315608864 0.49350905418395996 10
1624315638642 0.49202945828437805 11
1624315668127 0.4792579710483551 12
1624315697873 0.4738469123840332 13
1624315727294 0.46942344307899475 14
