1624315306139 0.6304044127464294 0
1624315338243 0.6620784997940063 1
1624315368562 0.6739446520805359 2
1624315398769 0.6893491148948669 3
1624315428727 0.6948904991149902 4
1624315458520 0.6980988383293152 5
1624315488005 0.7060629725456238 6
1624315517399 0.7066869139671326 7
1624315547943 0.7101787328720093 8
1624315578011 0.7152830958366394 9
1624315608866 0.730380654335022 10
1624315638644 0.7330173254013062 11
1624315668129 0.7366746068000793 12
1624315697875 0.7368420958518982 13
1624315727296 0.7394822239875793 14
