1624315306140 0.7143036127090454 0
1624315338243 0.7576706409454346 1
1624315368563 0.7762969136238098 2
1624315398769 0.7972573637962341 3
1624315428727 0.8029245138168335 4
1624315458521 0.809924840927124 5
1624315488006 0.8177748918533325 6
1624315517400 0.8255354166030884 7
1624315547943 0.832356870174408 8
1624315578011 0.839493453502655 9
1624315608866 0.8455439209938049 10
1624315638644 0.847122073173523 11
1624315668130 0.8530489802360535 12
1624315697875 0.8568248748779297 13
1624315727296 0.8652755618095398 14
