1624315306139 0.6214285492897034 0
1624315338243 0.6492857336997986 1
1624315368562 0.6800000071525574 2
1624315398768 0.699999988079071 3
1624315428726 0.7014285922050476 4
1624315458520 0.7164285778999329 5
1624315488005 0.7264285683631897 6
1624315517399 0.7242857217788696 7
1624315547942 0.7335714101791382 8
1624315578010 0.7378571629524231 9
1624315608865 0.7521428465843201 10
1624315638643 0.758571445941925 11
1624315668129 0.7635714411735535 12
1624315697874 0.7642857432365417 13
1624315727295 0.7699999809265137 14
