1624308651490 0.6343085169792175 0
1624308863221 0.6772413849830627 1
1624308987332 0.6699369549751282 2
1624309068094 0.681556224822998 3
1624309151554 0.6868537664413452 4
1624309239008 0.6830015182495117 5
1624309330934 0.6903474926948547 6
1624309423480 0.7108067274093628 7
1624309515477 0.6943765878677368 8
1624309608150 0.6949560046195984 9
1624309703746 0.7110015749931335 10
1624309802057 0.7190635204315186 11
1624309900551 0.7109311819076538 12
1624310000131 0.7090754508972168 13
1624310100598 0.7133334279060364 14
1624310199005 0.6975088715553284 15
