1624308651484 0.6451511979103088 0
1624308863211 0.596130907535553 1
1624308987330 0.5842978358268738 2
1624309068092 0.5611353516578674 3
1624309151552 0.5537797808647156 4
1624309239006 0.543064534664154 5
1624309330932 0.5281282067298889 6
1624309423478 0.5182706713676453 7
1624309515475 0.5067175030708313 8
1624309608149 0.5104520916938782 9
1624309703745 0.4944463074207306 10
1624309802056 0.48159995675086975 11
1624309900549 0.49119341373443604 12
1624310000130 0.47861769795417786 13
1624310100597 0.4742736518383026 14
1624310199004 0.46901294589042664 15
