1624308651488 0.6071428656578064 0
1624308863218 0.6657142639160156 1
1624308987331 0.6635714173316956 2
1624309068094 0.6842857003211975 3
1624309151553 0.6971428394317627 4
1624309239007 0.704285740852356 5
1624309330933 0.7135714292526245 6
1624309423480 0.7285714149475098 7
1624309515476 0.7321428656578064 8
1624309608150 0.7278571724891663 9
1624309703746 0.7485714554786682 10
1624309802057 0.7599999904632568 11
1624309900550 0.7450000047683716 12
1624310000131 0.7549999952316284 13
1624310100598 0.7542856931686401 14
1624310199005 0.7571428418159485 15
