1624308651491 0.6976537704467773 0
1624308863223 0.7490368485450745 1
1624308987332 0.7603625059127808 2
1624309068094 0.7791762351989746 3
1624309151554 0.7933601140975952 4
1624309239008 0.7987737059593201 5
1624309330934 0.805989146232605 6
1624309423481 0.8130042552947998 7
1624309515477 0.81667160987854 8
1624309608151 0.8108713626861572 9
1624309703747 0.8276928067207336 10
1624309802058 0.8406350016593933 11
1624309900551 0.8279356360435486 12
1624310000132 0.836486279964447 13
1624310100599 0.8420171141624451 14
1624310199006 0.8392379283905029 15
