1622903890896 0.6695627576173927 0
1622903901079 0.7818637355532208 1
1622903911289 0.8114846843934373 2
1622903921522 0.8226784126727552 3
1622903931804 0.8298714943829306 4
1622903941999 0.8354481532368868 5
1622903952157 0.8398529055200841 6
1622903962477 0.8432069829467389 7
1622903972559 0.8418330235189525 8
1622903983024 0.8478137880869635 9
1622903993230 0.848864462943506 10
1622904003304 0.8519356663703225 11
1622904013742 0.8510870443708074 12
1622904024119 0.8530267517982705 13
1622904034209 0.8536329103693526 14
1622904044536 0.8532692152267033 15
1622904054669 0.8518548452275115 16
1622904064909 0.8516932029418895 17
1622904075220 0.854926048654328 18
1622904085398 0.855774670653843 19
1622904095746 0.8558959023680595 20
1622904105917 0.856017134082276 21
1622904116240 0.8552897437969773 22
1622904126499 0.8554513860825992 23
1622904136693 0.8570678089388184 24
1622904146969 0.8570678089388184 25
1622904157221 0.8578356097955225 26
1622904167396 0.8584417683666047 27
1622904177731 0.8559363129394649 28
1622904187969 0.8565424715105472 29
1622904198127 0.8573506829386568 30
1622904208379 0.8573102723672513 31
1622904218664 0.8567445243675745 32
1622904228761 0.8566232926533581 33
1622904238998 0.8586842317950376 34
1622904249262 0.8603006546512568 35
1622904260701 0.8593308009375252 36
1622904270835 0.8579972520811444 37
1622904281022 0.8594924432231472 38
1622904291321 0.8592095692233088 39
1622904301580 0.8579164309383335 40
1622904311826 0.8580376626525499 41
1622904322213 0.8593712115089307 42
1622904332446 0.8613513295077992 43
1622904342696 0.860906813222339 44
1622904352951 0.8607047603653115 45
1622904363182 0.8619978986502869 46
1622904373366 0.8600986017942294 47
1622904383699 0.8594924432231472 48
1622904393797 0.8602198335084458 49
1622904404013 0.8592095692233088 50
1622904414281 0.8603410652226623 51
1622904424437 0.8615129717934211 52
1622904434867 0.8611896872221774 53
1622904446289 0.8599369595086075 54
1622904456494 0.8622807726501253 55
1622904466676 0.8613109189363938 56
1622904476993 0.8606239392225006 57
1622904487200 0.8615129717934211 58
1622904497216 0.861755435221854 59
1622904507436 0.8628061100783965 60
1622904517673 0.8624828255071527 61
1622904527877 0.8623615937929362 62
1622904538078 0.8633718580780733 63
1622904548417 0.8625232360785582 64
1622904558641 0.8633314475066678 65
1622904568944 0.8611088660793663 66
1622904579205 0.8619574880788814 67
1622904589539 0.8624424149357471 68
1622904599930 0.8623211832215307 69
1622904610257 0.8626444677927746 70
1622904620340 0.861755435221854 71
1622904630638 0.8641800695061829 72
1622904640873 0.8633718580780733 73
1622904651126 0.8624424149357471 74
1622904661375 0.8630889840782349 75
1622904671625 0.8617150246504486 76
1622904681850 0.8617958457932595 77
1622904692069 0.8616746140790431 78
1622904702327 0.8630081629354239 79
1622904712631 0.8630081629354239 80
1622904722670 0.8616746140790431 81
1622904732911 0.8633718580780733 82
1622904743116 0.8638971955063445 83
1622904754352 0.8641800695061829 84
1622904764574 0.8624020043643417 85
1622904774865 0.8630485735068294 86
1622904784981 0.8630485735068294 87
1622904795452 0.8630081629354239 88
1622904805770 0.8626040572213691 89
1622904815986 0.8629677523640185 90
1622904826060 0.8624020043643417 91
1622904836272 0.8603814757940678 92
1622904846701 0.8621191303645034 93
1622904856872 0.8627252889355855 94
1622904867219 0.8630081629354239 95
1622904877450 0.8636547320779115 96
1622904887579 0.8623615937929362 97
1622904897815 0.8631698052210458 98
1622904909266 0.862927341792613 99
