1622903890895 0.0001823980965495235 0
1622903901078 0.0001417432017404588 1
1622903911288 0.00012623639318905063 2
1622903921521 0.00011550971889981435 3
1622903931803 0.00010435713009027678 4
1622903941998 0.00010275654449600088 5
1622903952156 9.813849242706842e-05 6
1622903962475 9.95083406518196e-05 7
1622903972558 9.810960539462716e-05 8
1622903983023 9.396653461309853e-05 9
1622903993229 9.362268185814013e-05 10
1622904003303 9.062407517369578e-05 11
1622904013741 9.081291635025099e-05 12
1622904024117 9.02112962684548e-05 13
1622904034207 9.086440502272498e-05 14
1622904044535 9.154939115803774e-05 15
1622904054668 9.126342567487627e-05 16
1622904064908 8.98753053724048e-05 17
1622904075219 8.929663136870014e-05 18
1622904085397 9.153275094594565e-05 19
1622904095744 9.068186489485369e-05 20
1622904105916 8.73279077276632e-05 21
1622904116239 8.996711738433505e-05 22
1622904126497 8.899734841681794e-05 23
1622904136692 8.708440085905675e-05 24
1622904146968 8.798906742047543e-05 25
1622904157220 8.87787904252253e-05 26
1622904167395 9.06956315782455e-05 27
1622904177730 8.757491919330143e-05 28
1622904187968 9.012997998268672e-05 29
1622904198126 8.884071460741759e-05 30
1622904208378 8.70066168698846e-05 31
1622904218663 8.548545315205342e-05 32
1622904228760 8.683201447364094e-05 33
1622904238997 8.876144568074022e-05 34
1622904249260 8.554340545760971e-05 35
1622904260699 8.665560558408193e-05 36
1622904270834 8.490849652132722e-05 37
1622904281020 8.983509644419184e-05 38
1622904291319 8.947643767002087e-05 39
1622904301579 8.815631016295237e-05 40
1622904311825 8.68199073554415e-05 41
1622904322212 8.730017685094377e-05 42
1622904332445 8.501750875827732e-05 43
1622904342695 8.267809148460258e-05 44
1622904352950 8.92102978488309e-05 45
1622904363181 9.345318340767676e-05 46
1622904373365 8.570518777295881e-05 47
1622904383698 8.720391123082675e-05 48
1622904393796 8.329523777427973e-05 49
1622904404012 8.500309775893636e-05 50
1622904414280 8.432667319760947e-05 51
1622904424436 8.252034909047104e-05 52
1622904434866 8.500721776802423e-05 53
1622904446288 8.685066471062856e-05 54
1622904456493 8.693401149488311e-05 55
1622904466675 8.54674544569882e-05 56
1622904476992 8.673855012249158e-05 57
1622904487199 8.372737506188794e-05 58
1622904497215 8.623863079703385e-05 59
1622904507434 8.613618335679172e-05 60
1622904517672 8.454667397519664e-05 61
1622904527876 8.554083301112866e-05 62
1622904538077 8.447343271454814e-05 63
1622904548416 8.743262894082492e-05 64
1622904558639 8.527500270246004e-05 65
1622904568943 8.498131747119768e-05 66
1622904579203 8.446498434747671e-05 67
1622904589538 8.380579614103597e-05 68
1622904599928 8.360392894334823e-05 69
1622904610256 8.601966815093857e-05 70
1622904620339 8.224103029838117e-05 71
1622904630637 8.54402739585655e-05 72
1622904640871 8.517304060675531e-05 73
1622904651124 8.566417676171383e-05 74
1622904661374 8.306915513586422e-05 75
1622904671624 8.715096532041173e-05 76
1622904681849 8.37783591205625e-05 77
1622904692068 8.382768000105806e-05 78
1622904702326 8.077291365459068e-05 79
1622904712630 8.602876926426127e-05 80
1622904722669 8.479576772546301e-05 81
1622904732910 8.314193032123736e-05 82
1622904743114 8.472542648875009e-05 83
1622904754351 8.3130203770963e-05 84
1622904764573 8.409183749691667e-05 85
1622904774864 8.292529202987448e-05 86
1622904784980 8.513130458952643e-05 87
1622904795451 8.339307504358108e-05 88
1622904805769 8.615396165967248e-05 89
1622904815984 8.305654701685198e-05 90
1622904826059 8.363551848978924e-05 91
1622904836271 8.319134513938532e-05 92
1622904846700 8.391809137850449e-05 93
1622904856871 8.358360709787947e-05 94
1622904867218 8.376694328713839e-05 95
1622904877449 8.42340386290563e-05 96
1622904887578 8.419146921624461e-05 97
1622904897814 8.070756676973025e-05 98
1622904909265 8.601717157717676e-05 99
