1622906680357 0.001 0
1622906689367 0.001 1
1622906698364 0.001 2
1622906709498 0.001 3
1622906720794 0.001 4
1622906731844 0.001 5
1622906742771 0.001 6
1622906753812 0.001 7
1622906764410 0.001 8
1622906775499 0.001 9
1622906786459 0.001 10
1622906797575 0.001 11
1622906808410 0.001 12
1622906818759 0.001 13
1622906829067 0.001 14
1622906839538 0.001 15
1622906849648 0.001 16
1622906860071 0.0005 17
1622906870372 0.0005 18
1622906880677 0.0005 19
1622906891274 0.0005 20
1622906901940 0.0005 21
1622906912265 0.0005 22
1622906922511 0.0005 23
1622906932820 0.0005 24
1622906943143 0.0005 25
1622906953230 0.0005 26
1622906963544 0.0005 27
1622906973911 0.00025 28
1622906983989 0.00025 29
1622906994327 0.00025 30
1622907004687 0.00025 31
1622907014808 0.00025 32
1622907025122 0.00025 33
1622907035492 0.00025 34
1622907045548 0.00025 35
1622907055955 0.00025 36
1622907066390 0.00025 37
1622907076627 0.00025 38
1622907087985 0.000125 39
1622907098300 0.000125 40
1622907108651 0.000125 41
1622907118663 0.000125 42
1622907128928 0.000125 43
1622907139379 0.000125 44
1622907149465 0.000125 45
1622907159733 0.000125 46
1622907169998 0.000125 47
1622907180138 0.000125 48
1622907190506 0.000125 49
1622907201462 6.25e-05 50
1622907211766 6.25e-05 51
1622907222097 6.25e-05 52
1622907232522 6.25e-05 53
1622907242937 6.25e-05 54
1622907253146 6.25e-05 55
1622907263357 6.25e-05 56
1622907273853 6.25e-05 57
1622907284145 6.25e-05 58
1622907294381 6.25e-05 59
1622907304833 6.25e-05 60
1622907315160 3.125e-05 61
1622907325523 3.125e-05 62
1622907335989 3.125e-05 63
1622907347475 3.125e-05 64
1622907357704 3.125e-05 65
1622907368049 3.125e-05 66
1622907378458 3.125e-05 67
1622907388549 3.125e-05 68
1622907399178 3.125e-05 69
1622907409560 3.125e-05 70
1622907419713 3.125e-05 71
1622907430130 3.125e-05 72
1622907440527 1.5625e-05 73
1622907450855 1.5625e-05 74
1622907461301 1.5625e-05 75
1622907471706 1.5625e-05 76
1622907481881 1.5625e-05 77
1622907492247 1.5625e-05 78
1622907502605 1.5625e-05 79
1622907513104 1.5625e-05 80
1622907523303 1.5625e-05 81
1622907533728 1.5625e-05 82
1622907544087 1.5625e-05 83
1622907554348 1.5625e-05 84
1622907564752 1.5625e-05 85
1622907576222 1.5625e-05 86
1622907586444 7.8125e-06 87
1622907596876 7.8125e-06 88
1622907607204 7.8125e-06 89
1622907617513 7.8125e-06 90
1622907627740 7.8125e-06 91
1622907638108 7.8125e-06 92
1622907648722 7.8125e-06 93
1622907658956 7.8125e-06 94
1622907669404 7.8125e-06 95
1622907679966 7.8125e-06 96
1622907690082 7.8125e-06 97
1622907700458 3.90625e-06 98
1622907710850 3.90625e-06 99
