1624306348450 0.6800500750541687 0
1624306387986 0.6086164712905884 1
1624306427039 0.6096174120903015 2
1624306468407 0.5877124667167664 3
1624306511113 0.5889947414398193 4
1624306553863 0.5864748358726501 5
1624306596486 0.5746158957481384 6
1624306638856 0.5698474049568176 7
1624306681246 0.5606504082679749 8
1624306723821 0.5675997138023376 9
1624306767645 0.5629873871803284 10
1624306810225 0.5662822723388672 11
1624306852775 0.5576260089874268 12
1624306895284 0.5561231970787048 13
1624306941433 0.5581221580505371 14
