1624306348453 0.6076571345329285 0
1624306387988 0.7137010097503662 1
1624306427042 0.7130045890808105 2
1624306468410 0.7352535128593445 3
1624306511116 0.7485533952713013 4
1624306553866 0.742277204990387 5
1624306596488 0.7519715428352356 6
1624306638859 0.7591102719306946 7
1624306681249 0.7711856961250305 8
1624306723825 0.7673202157020569 9
1624306767648 0.7659317255020142 10
1624306810228 0.7677483558654785 11
1624306852777 0.7733281850814819 12
1624306895287 0.7744079232215881 13
1624306941437 0.7696523070335388 14
