1624306348452 0.5757142901420593 0
1624306387987 0.6399999856948853 1
1624306427041 0.631428599357605 2
1624306468409 0.6299999952316284 3
1624306511115 0.6557142734527588 4
1624306553865 0.654285728931427 5
1624306596487 0.6592857241630554 6
1624306638858 0.683571457862854 7
1624306681248 0.6821428537368774 8
1624306723823 0.670714259147644 9
1624306767647 0.6614285707473755 10
1624306810227 0.6821428537368774 11
1624306852776 0.6757143139839172 12
1624306895286 0.6850000023841858 13
1624306941436 0.6792857050895691 14
