1624306348452 0.5270700454711914 0
1624306387987 0.634782612323761 1
1624306427041 0.6480218768119812 2
1624306468409 0.6442307829856873 3
1624306511115 0.6624650359153748 4
1624306553865 0.648766279220581 5
1624306596488 0.6570811867713928 6
1624306638858 0.6740250587463379 7
1624306681248 0.678235650062561 8
1624306723825 0.6642388701438904 9
1624306767647 0.6524927020072937 10
1624306810228 0.6691449880599976 11
1624306852777 0.6642012000083923 12
1624306895286 0.6726058125495911 13
1624306941437 0.6606197357177734 14
