1624265142684 0.0003 0
1624265161130 0.0003 1
1624265179819 0.0003 2
1624265199680 0.0003 3
1624265219596 0.0003 4
1624265239255 0.0003 5
1624265258442 0.0003 6
1624265278714 0.0003 7
1624265299287 0.0003 8
1624265319396 0.0003 9
1624265339106 0.0003 10
1624265357927 0.0003 11
1624265376530 0.0003 12
1624265395128 0.0003 13
1624265413711 0.0003 14
1624265432339 0.0003 15
1624265450728 0.0003 16
1624265469165 0.0003 17
1624265487681 0.0003 18
1624265506110 0.0003 19
1624265524666 0.0003 20
1624265543135 0.0003 21
