1624265142685 0.4014440178871155 0
1624265161130 0.49112847447395325 1
1624265179820 0.5509326457977295 2
1624265199681 0.6194302439689636 3
1624265219597 0.6358381509780884 4
1624265239255 0.6566523313522339 5
1624265258443 0.6733096241950989 6
1624265278715 0.6737138628959656 7
1624265299288 0.6742532253265381 8
1624265319397 0.675213634967804 9
1624265339107 0.6756564378738403 10
1624265357928 0.6771653890609741 11
1624265376531 0.6733812689781189 12
1624265395129 0.6819484233856201 13
1624265413712 0.6762797236442566 14
1624265432343 0.6777457594871521 15
1624265450729 0.6845540404319763 16
1624265469165 0.6817849278450012 17
1624265487682 0.6817849278450012 18
1624265506111 0.6868091225624084 19
1624265524667 0.6859259605407715 20
1624265543136 0.6869888305664062 21
