1624265142683 0.8868154287338257 0
1624265161129 0.7737643718719482 1
1624265179818 0.7102211117744446 2
1624265199679 0.6706690192222595 3
1624265219595 0.6453293561935425 4
1624265239254 0.6274547576904297 5
1624265258441 0.6147785782814026 6
1624265278713 0.6065642833709717 7
1624265299286 0.5974047183990479 8
1624265319395 0.5916173458099365 9
1624265339105 0.5888035297393799 10
1624265357927 0.5826390981674194 11
1624265376529 0.5785620212554932 12
1624265395127 0.5738108158111572 13
1624265413710 0.5687493085861206 14
1624265432338 0.5667957663536072 15
1624265450728 0.5600669980049133 16
1624265469164 0.5570382475852966 17
1624265487681 0.5559625625610352 18
1624265506109 0.5481492877006531 19
1624265524666 0.5505085587501526 20
1624265543134 0.5409707427024841 21
