1624265142685 0.40785714983940125 0
1624265161130 0.4878571331501007 1
1624265179820 0.5528571605682373 2
1624265199680 0.6278571486473083 3
1624265219597 0.6399999856948853 4
1624265239255 0.6571428775787354 5
1624265258443 0.6721428632736206 6
1624265278714 0.6692857146263123 7
1624265299288 0.6728571653366089 8
1624265319397 0.6742857098579407 9
1624265339106 0.6735714077949524 10
1624265357928 0.6778571605682373 11
1624265376530 0.6757143139839172 12
1624265395128 0.6828571557998657 13
1624265413711 0.6792857050895691 14
1624265432343 0.6814285516738892 15
1624265450729 0.6892856955528259 16
1624265469165 0.6892856955528259 17
1624265487682 0.6892856955528259 18
1624265506110 0.6964285969734192 19
1624265524667 0.6971428394317627 20
1624265543136 0.6992856860160828 21
