1624265142685 0.395364910364151 0
1624265161131 0.5173048377037048 1
1624265179820 0.6221283674240112 2
1624265199681 0.6881083846092224 3
1624265219598 0.7189144492149353 4
1624265239256 0.7361777424812317 5
1624265258444 0.7460808157920837 6
1624265278715 0.7527978420257568 7
1624265299289 0.7617468237876892 8
1624265319397 0.7645026445388794 9
1624265339107 0.7651756405830383 10
1624265357929 0.7696415781974792 11
1624265376531 0.7716030478477478 12
1624265395129 0.7748998999595642 13
1624265413712 0.7785608172416687 14
1624265432344 0.7782391905784607 15
1624265450730 0.7837934494018555 16
1624265469166 0.7861510515213013 17
1624265487683 0.7840011715888977 18
1624265506111 0.7930256128311157 19
1624265524668 0.7862021327018738 20
1624265543137 0.7971210479736328 21
