1624291027778 0.6464579701423645 0
1624291043017 0.7098547220230103 1
1624291059645 0.7347359657287598 2
1624291076004 0.7524614334106445 3
1624291092272 0.7655931115150452 4
1624291108677 0.7756409645080566 5
1624291125226 0.78173828125 6
1624291141953 0.7876013517379761 7
1624291158445 0.7957452535629272 8
1624291175072 0.7986459732055664 9
1624291191835 0.7994254231452942 10
1624291208374 0.8028137683868408 11
1624291224965 0.8047922849655151 12
1624291241547 0.8079441785812378 13
1624291258074 0.8105466961860657 14
1624291274573 0.8083381652832031 15
1624291291234 0.8159475326538086 16
1624291307883 0.8150169253349304 17
