1624291027777 0.6278571486473083 0
1624291043016 0.6342856884002686 1
1624291059644 0.6549999713897705 2
1624291076003 0.6642857193946838 3
1624291092271 0.675000011920929 4
1624291108677 0.6899999976158142 5
1624291125225 0.6957142949104309 6
1624291141953 0.7028571367263794 7
1624291158444 0.7121428847312927 8
1624291175071 0.7142857313156128 9
1624291191834 0.704285740852356 10
1624291208373 0.7200000286102295 11
1624291224964 0.7200000286102295 12
1624291241546 0.7164285778999329 13
1624291258073 0.7185714244842529 14
1624291274572 0.7235714197158813 15
1624291291233 0.7335714101791382 16
1624291307882 0.7285714149475098 17
