1624291027776 0.6551094055175781 0
1624291043015 0.6063370108604431 1
1624291059643 0.5810202956199646 2
1624291076002 0.565703272819519 3
1624291092269 0.5541865229606628 4
1624291108676 0.5448691248893738 5
1624291125224 0.5387976765632629 6
1624291141948 0.5338779091835022 7
1624291158443 0.5276308655738831 8
1624291175069 0.5246204733848572 9
1624291191833 0.5221332907676697 10
1624291208372 0.5185381770133972 11
1624291224962 0.5160046815872192 12
1624291241545 0.5133141875267029 13
1624291258071 0.5099222660064697 14
1624291274571 0.5100958347320557 15
1624291291232 0.5036579370498657 16
1624291307877 0.5039575099945068 17
