1624291027778 0.5004794001579285 0
1624291043016 0.5403949618339539 1
1624291059645 0.5910245180130005 2
1624291076004 0.61285001039505 3
1624291092271 0.6327683925628662 4
1624291108677 0.6516854166984558 5
1624291125226 0.6553398370742798 6
1624291141953 0.6655948162078857 7
1624291158444 0.6720911264419556 8
1624291175071 0.6710525751113892 9
1624291191835 0.656146228313446 10
1624291208374 0.6738768815994263 11
1624291224964 0.6716917753219604 12
1624291241546 0.6655433773994446 13
1624291258073 0.6683501601219177 14
1624291274572 0.6706382632255554 15
1624291291234 0.6820119619369507 16
1624291307882 0.6768707633018494 17
