1624310380810 0.01 0
1624310475012 0.01 1
1624310527421 0.01 2
1624310578129 0.01 3
1624310628146 0.01 4
1624310678218 0.01 5
1624310727875 0.01 6
1624310770056 0.01 7
1624310812081 0.01 8
1624310856121 0.005 9
1624310901365 0.005 10
1624310947013 0.005 11
1624310993370 0.005 12
1624311039828 0.005 13
1624311086089 0.005 14
1624311128398 0.005 15
1624311171135 0.005 16
1624311212867 0.005 17
1624311250009 0.005 18
1624311284542 0.005 19
1624311321544 0.0025 20
1624311356612 0.0025 21
1624311392303 0.0025 22
1624311427593 0.0025 23
