1624310380812 0.6288688778877258 0
1624310475014 0.7603732347488403 1
1624310527422 0.7477483749389648 2
1624310578131 0.7718416452407837 3
1624310628148 0.7885469198226929 4
1624310678219 0.8004028797149658 5
1624310727876 0.8036422729492188 6
1624310770058 0.8071433901786804 7
1624310812083 0.8127338886260986 8
1624310856122 0.8219831585884094 9
1624310901370 0.8308980464935303 10
1624310947015 0.836635410785675 11
1624310993372 0.8382347822189331 12
1624311039830 0.8534280061721802 13
1624311086090 0.8556280732154846 14
1624311128399 0.860732913017273 15
1624311171140 0.8691174983978271 16
1624311212868 0.8729594945907593 17
1624311250011 0.8837910890579224 18
1624311284543 0.9004772901535034 19
1624311321549 0.9018402695655823 20
1624311356614 0.9090918898582458 21
1624311392304 0.9214632511138916 22
1624311427595 0.9311490654945374 23
