1624310380809 0.6774092316627502 0
1624310475012 0.5430850386619568 1
1624310527420 0.5351194739341736 2
1624310578129 0.5234875679016113 3
1624310628146 0.5105155110359192 4
1624310678217 0.5075095295906067 5
1624310727874 0.5004354119300842 6
1624310770056 0.4963175058364868 7
1624310812080 0.48454272747039795 8
1624310856120 0.48107442259788513 9
1624310901364 0.4700963795185089 10
1624310947012 0.4684213697910309 11
1624310993369 0.4660813510417938 12
1624311039828 0.44021525979042053 13
1624311086088 0.4444321095943451 14
1624311128397 0.431176096200943 15
1624311171135 0.4181179702281952 16
1624311212866 0.4207071363925934 17
1624311250009 0.4055067002773285 18
1624311284541 0.3788796365261078 19
1624311321543 0.36616218090057373 20
1624311356612 0.36039701104164124 21
1624311392302 0.3237323462963104 22
1624311427592 0.3049631416797638 23
