1624310380811 0.5942704677581787 0
1624310475013 0.6725018620491028 1
1624310527422 0.5912280082702637 2
1624310578130 0.6309421062469482 3
1624310628147 0.6589018106460571 4
1624310678219 0.6506912708282471 5
1624310727876 0.673202633857727 6
1624310770057 0.6643171310424805 7
1624310812082 0.6866666674613953 8
1624310856122 0.6678865551948547 9
1624310901369 0.7133334279060364 10
1624310947014 0.6865942478179932 11
1624310993371 0.7230273485183716 12
1624311039829 0.7309027314186096 13
1624311086090 0.7280701994895935 14
1624311128398 0.7266553640365601 15
1624311171140 0.7504187822341919 16
1624311212868 0.7560365796089172 17
1624311250010 0.7533392310142517 18
1624311284543 0.7940936088562012 19
1624311321549 0.8070470094680786 20
1624311356613 0.8003502488136292 21
1624311392304 0.8310580253601074 22
1624311427594 0.8348857164382935 23
