1624310380811 0.5649999976158142 0
1624310475013 0.6792857050895691 1
1624310527421 0.6671428680419922 2
1624310578130 0.6949999928474426 3
1624310628147 0.7071428298950195 4
1624310678219 0.729285717010498 5
1624310727875 0.7142857313156128 6
1624310770057 0.7278571724891663 7
1624310812082 0.7314285635948181 8
1624310856121 0.7407143115997314 9
1624310901369 0.7542856931686401 10
1624310947014 0.7528571486473083 11
1624310993371 0.7542856931686401 12
1624311039829 0.7785714268684387 13
1624311086090 0.7785714268684387 14
1624311128398 0.7699999809265137 15
1624311171139 0.7871428728103638 16
1624311212867 0.7907142639160156 17
1624311250010 0.802142858505249 18
1624311284543 0.8207142949104309 19
1624311321548 0.8357142806053162 20
1624311356613 0.8371428847312927 21
1624311392303 0.8585714101791382 22
1624311427594 0.8607142567634583 23
