1622912119302 0.5202861068455508 0
1622912129103 0.6231310110724966 1
1622912139156 0.6913036450335408 2
1622912149188 0.7428675341469329 3
1622912158914 0.7616584498504809 4
1622912169175 0.7741453164147741 5
1622912179413 0.7843691909803605 6
1622912189536 0.79528004525984 7
1622912199789 0.8048169401115332 8
1622912209903 0.8058272043966702 9
1622912220188 0.813222338963873 10
1622912230418 0.8148791723914977 11
1622912240726 0.8209003475309141 12
1622912251218 0.8247393518144347 13
1622912261433 0.8261941323850319 14
1622912271428 0.827972197526873 15
1622912281715 0.8304372423826073 16
1622912291850 0.8328618766669361 17
1622912302153 0.8324577709528813 18
1622912312305 0.8355289743796978 19
1622912322460 0.8373474500929443 20
1622912332791 0.8396104420916511 21
1622912343084 0.841792612947547 22
1622912353085 0.8400953689485169 23
1622912363246 0.8431261618039279 24
1622912373285 0.8465610603733936 25
1622912383567 0.8453487432312293 26
1622912393921 0.8483391255152348 27
1622912404062 0.8476117352299362 28
1622912413952 0.8497130849430211 29
1622912424187 0.8506021175139417 30
1622912434396 0.850804170370969 31
1622912444527 0.8540370160834074 32
1622912454745 0.8525822355128102 33
1622912464901 0.8531883940838924 34
1622912474951 0.8554513860825992 35
1622912485159 0.8546027640830841 36
1622912495547 0.8544007112260568 37
1622912505551 0.8580376626525499 38
1622912515818 0.8579568415097389 39
1622912525980 0.8583609472237937 40
1622912535999 0.8591287480804979 41
1622912546443 0.8610280449365554 42
1622912556772 0.8611492766507718 43
1622912567218 0.861755435221854 44
1622912577002 0.8609472237937444 45
1622912587260 0.8617958457932595 46
1622912597265 0.8628465206498019 47
1622912607325 0.8631293946496403 48
1622912617638 0.8643013012203993 49
1622912627912 0.8650691020771034 50
1622912637979 0.8642204800775883 51
1622912648380 0.8647054069344541 52
1622912658599 0.8658369029338074 53
1622912668780 0.8646245857916431 54
1622913137617 0.8643417117918047 55
1622913149242 0.8660793663622404 56
1622913160899 0.8674937363614321 57
1622913173105 0.8655944395053746 58
1622913186141 0.8685040006465692 59
1622913197897 0.8675745575042431 60
1622913209345 0.8693930332174897 61
1622913222158 0.8672512729329993 62
1622913233983 0.8661197769336458 63
1622913246608 0.8658773135052129 64
1622913259492 0.866725935504728 65
1622913271253 0.8665642932191061 66
1622913283504 0.8672916835044048 67
1622913296648 0.8677766103612705 68
1622913309749 0.8699587812171664 69
1622913321316 0.8681807160753253 70
1622913333127 0.8701204235027883 71
1622913345712 0.8702820657884103 72
1622913357140 0.8689889275034349 73
1622913368869 0.8692718015032732 74
1622913380488 0.8690697486462459 75
1622913392189 0.8697971389315445 76
1622913403841 0.8678978420754869 77
1622913415716 0.8694334437888952 78
1622913427005 0.8688272852178129 79
1622913438946 0.8693930332174897 80
1622913451126 0.8674533257900267 81
1622913463903 0.8697971389315445 82
1622913476051 0.8684635900751637 83
1622913487527 0.8670896306473773 84
1622913499998 0.8690697486462459 85
1622913511675 0.86983754950295 86
1622913524286 0.868746464075002 87
1622913535380 0.8670896306473773 88
1622913546228 0.8712115089307363 89
1622913557329 0.8698779600743555 90
1622913568459 0.8698779600743555 91
1622913579726 0.8688272852178129 92
1622913590772 0.8696354966459225 93
1622913601801 0.8699587812171664 94
1622913612903 0.8699587812171664 95
1622913624025 0.8696354966459225 96
1622913635372 0.8695546755031116 97
1622913646370 0.8687868746464075 98
1622913657657 0.8697163177887335 99
