1622912119300 0.0013811165062099597 0
1622912129101 0.001256330851199006 1
1622912139154 0.0011719697402171616 2
1622912149187 0.0011139034328893867 3
1622912158913 0.0010682833333953085 4
1622912169173 0.0010325750219381626 5
1622912179412 0.0009991950912848638 6
1622912189535 0.0009677638623050236 7
1622912199788 0.0009431057620682482 8
1622912209902 0.0009224599786268367 9
1622912220186 0.00090565748080993 10
1622912230417 0.0008894275414146911 11
1622912240724 0.0008716816181201205 12
1622912251216 0.0008586552055807167 13
1622912261431 0.0008486528809161345 14
1622912271427 0.0008378680086382511 15
1622912281714 0.0008256644405563695 16
1622912291848 0.0008144311364211734 17
1622912302152 0.0008041632476046045 18
1622912312303 0.0007932371786048646 19
1622912322459 0.0007876521708806715 20
1622912332789 0.0007774494013308053 21
1622912343083 0.0007697238290954463 22
1622912353084 0.0007644899362293392 23
1622912363244 0.0007538972254627246 24
1622912373283 0.0007437498297502891 25
1622912383565 0.0007450090194205156 26
1622912393919 0.0007369832922991675 27
1622912404061 0.0007302332095934908 28
1622912413951 0.0007232454718532206 29
1622912424185 0.0007172492002695136 30
1622912434395 0.0007090264919127314 31
1622912444526 0.0007004777572770266 32
1622912454744 0.0007006159768978992 33
1622912464900 0.000696883909840847 34
1622912474949 0.0006872307345696238 35
1622912485157 0.0006850977850299466 36
1622912495546 0.0006773826687778968 37
1622912505549 0.0006718990077373523 38
1622912515817 0.0006677414826006432 39
1622912525979 0.000670174181167478 40
1622912535997 0.0006559275739225528 41
1622912546442 0.0006618329138587385 42
1622912556771 0.0006547944293125824 43
1622912567217 0.0006492705388702341 44
1622912577001 0.0006535125356343688 45
1622912587259 0.0006544560020592144 46
1622912597264 0.000644371208566129 47
1622912607323 0.0006431503960398939 48
1622912617636 0.0006425551083193324 49
1622912627911 0.0006337692148325313 50
1622912637977 0.0006410675020213271 51
1622912648379 0.0006334182986887099 52
1622912658598 0.0006348475600699451 53
1622912668779 0.0006425984545242697 54
1622913137616 0.0006360076756251134 55
1622913149241 0.0006292186678058066 56
1622913160898 0.0006268340388217643 57
1622913173104 0.0006281800461520685 58
1622913186140 0.0006257420268602555 59
1622913197895 0.0006269002696840205 60
1622913209344 0.0006218935915254731 61
1622913222157 0.0006186473362854147 62
1622913233982 0.000620771128108312 63
1622913246607 0.0006288004898942106 64
1622913259491 0.0006214759097973743 65
1622913271252 0.0006232004376936873 66
1622913283503 0.0006230339717433359 67
1622913296646 0.0006225259051330259 68
1622913309748 0.0006114030247082237 69
1622913321315 0.0006145699688700941 70
1622913333126 0.0006128928000025363 71
1622913345710 0.0006199972179417158 72
1622913357138 0.000620952467520293 73
1622913368868 0.000621668121890456 74
1622913380486 0.0006142697609936344 75
1622913392187 0.0006187576925533914 76
1622913403839 0.000623623226980553 77
1622913415715 0.0006128616235409 78
1622913427003 0.0006141650632648858 79
1622913438945 0.0006227048166179912 80
1622913451124 0.0006157536254418192 81
1622913463902 0.0006151856229962928 82
1622913476049 0.0006164606170743706 83
1622913487525 0.0006176490150888841 84
1622913499997 0.0006168444270528067 85
1622913511673 0.0006120232299932481 86
1622913524284 0.0006102940100316308 87
1622913535379 0.0006172809348499092 88
1622913546226 0.0006110916514987464 89
1622913557327 0.00061119818281821 90
1622913568458 0.0006176148518916331 91
1622913579724 0.0006138349404612884 92
1622913590771 0.000616548954597491 93
1622913601800 0.0006078297423919459 94
1622913612901 0.0006106100560371505 95
1622913624024 0.0006095583746410713 96
1622913635370 0.0006119206609157894 97
1622913646368 0.0006130750836083568 98
1622913657656 0.0006100641843390659 99
