1624291333946 0.3338842988014221 0
1624291352429 0.5494312644004822 1
1624291370851 0.6184739470481873 2
1624291389229 0.6394453048706055 3
1624291407548 0.6495079398155212 4
1624291425792 0.6666666269302368 5
1624291444046 0.6711610555648804 6
1624291462282 0.6782739758491516 7
1624291480804 0.6824789643287659 8
1624291499041 0.6809816360473633 9
1624291517434 0.6801872253417969 10
1624291535796 0.6848674416542053 11
1624291554118 0.6900858283042908 12
1624291572256 0.6875981092453003 13
1624291590438 0.7003952264785767 14
1624291608657 0.6894904971122742 15
1624291627199 0.6954436302185059 16
1624291645264 0.6995153427124023 17
