1624291333946 0.4242857098579407 0
1624291352429 0.6321428418159485 1
1624291370851 0.6607142686843872 2
1624291389229 0.6657142639160156 3
1624291407548 0.6692857146263123 4
1624291425791 0.6807143092155457 5
1624291444046 0.6864285469055176 6
1624291462282 0.6964285969734192 7
1624291480803 0.7035714387893677 8
1624291499040 0.7028571367263794 9
1624291517434 0.7071428298950195 10
1624291535796 0.7114285826683044 11
1624291554117 0.7164285778999329 12
1624291572256 0.7157142758369446 13
1624291590438 0.729285717010498 14
1624291608657 0.7214285731315613 15
1624291627198 0.7278571724891663 16
1624291645264 0.7342857122421265 17
