1624291333947 0.41093936562538147 0
1624291352429 0.6316033601760864 1
1624291370852 0.7056847810745239 2
1624291389229 0.7381242513656616 3
1624291407549 0.7559881210327148 4
1624291425792 0.7680847644805908 5
1624291444047 0.7770230770111084 6
1624291462283 0.7856271266937256 7
1624291480804 0.7915071845054626 8
1624291499041 0.7929447889328003 9
1624291517435 0.793289840221405 10
1624291535797 0.8000068068504333 11
1624291554118 0.803889274597168 12
1624291572256 0.8072797060012817 13
1624291590439 0.8127530217170715 14
1624291608658 0.8123505115509033 15
1624291627199 0.8158218860626221 16
1624291645265 0.8199067115783691 17
