1624291333945 0.7921680212020874 0
1624291352427 0.6790918111801147 1
1624291370850 0.634752094745636 2
1624291389223 0.608299970626831 3
1624291407547 0.5889925360679626 4
1624291425790 0.5756812691688538 5
1624291444045 0.5659618973731995 6
1624291462281 0.5565223693847656 7
1624291480802 0.5489152669906616 8
1624291499039 0.5451636910438538 9
1624291517433 0.5425514578819275 10
1624291535795 0.5344668030738831 11
1624291554116 0.5298141837120056 12
1624291572254 0.5255719423294067 13
1624291590437 0.5194234848022461 14
1624291608655 0.5191345810890198 15
1624291627197 0.5140265226364136 16
1624291645263 0.5091896057128906 17
