1624316289017 0.5586145520210266 0
1624316298372 0.6488091349601746 1
1624316308421 0.6865963935852051 2
1624316318373 0.7147913575172424 3
1624316328191 0.7267346978187561 4
1624316337520 0.7389357089996338 5
1624316346695 0.7516552805900574 6
1624316356892 0.7646816372871399 7
1624316366617 0.7697736024856567 8
1624316376033 0.7783158421516418 9
1624316385303 0.7885405421257019 10
1624316394432 0.7953662872314453 11
1624316404160 0.7978878021240234 12
1624316414050 0.8038104772567749 13
1624316423346 0.8102059364318848 14
1624316432680 0.8123589754104614 15
1624316442907 0.8164756894111633 16
1624316452180 0.8205115795135498 17
