1624316289016 0.5328571200370789 0
1624316298371 0.5892857313156128 1
1624316308420 0.6364285945892334 2
1624316318372 0.6614285707473755 3
1624316328190 0.6621428728103638 4
1624316337519 0.6764285564422607 5
1624316346693 0.6850000023841858 6
1624316356891 0.697857141494751 7
1624316366616 0.7035714387893677 8
1624316376032 0.7200000286102295 9
1624316385302 0.7242857217788696 10
1624316394431 0.7228571176528931 11
1624316404159 0.727142870426178 12
1624316414049 0.7328571677207947 13
1624316423345 0.7335714101791382 14
1624316432679 0.7371428608894348 15
1624316442906 0.7378571629524231 16
1624316452179 0.7478571534156799 17
