1624316289014 0.7117962837219238 0
1624316298369 0.6650657653808594 1
1624316308418 0.6401079297065735 2
1624316318370 0.6170173287391663 3
1624316328189 0.6032185554504395 4
1624316337517 0.5967839360237122 5
1624316346692 0.59068363904953 6
1624316356889 0.5783829689025879 7
1624316366614 0.5679327845573425 8
1624316376030 0.565913736820221 9
1624316385301 0.5553391575813293 10
1624316394429 0.5496769547462463 11
1624316404158 0.5457947850227356 12
1624316414047 0.536701500415802 13
1624316423343 0.5326784253120422 14
1624316432678 0.5294932126998901 15
1624316442904 0.5268231630325317 16
1624316452178 0.522245466709137 17
