1624316289016 0.47427651286125183 0
1624316298371 0.541101336479187 1
1624316308420 0.5775933861732483 2
1624316318372 0.5989847779273987 3
1624316328191 0.5953807234764099 4
1624316337519 0.6111587882041931 5
1624316346694 0.6188418865203857 6
1624316356891 0.6279683113098145 7
1624316366616 0.6311111450195312 8
1624316376033 0.6524823307991028 9
1624316385303 0.6571936011314392 10
1624316394431 0.6554174423217773 11
1624316404160 0.6613474488258362 12
1624316414049 0.6672597527503967 13
1624316423345 0.6684444546699524 14
1624316432680 0.6702508926391602 15
1624316442907 0.6726137399673462 16
1624316452180 0.6828392148017883 17
