1622907721269 0.0003 0
1622907731635 0.0003 1
1622907741980 0.0003 2
1622907752326 0.0003 3
1622907762781 0.0003 4
1622907772949 0.0003 5
1622907783378 0.0003 6
1622907793536 0.0003 7
1622907804102 0.0003 8
1622907814732 0.0003 9
1622907824773 0.0003 10
1622907835084 0.0003 11
1622907845962 0.0003 12
1622907857293 0.0003 13
1622907868105 0.0003 14
1622907879627 0.0003 15
1622907890321 0.0003 16
1622907900524 0.0003 17
1622907910800 0.0003 18
1622907921256 0.0003 19
1622907931485 0.0003 20
1622907942003 0.0003 21
1622907952341 0.0003 22
1622907962647 0.0003 23
1622907973093 0.0003 24
1622907983354 0.0003 25
1622907993508 0.00015 26
1622908003842 0.00015 27
1622908014096 0.00015 28
1622908024403 0.00015 29
1622908034721 0.00015 30
1622908045035 0.00015 31
1622908055394 0.00015 32
1622908065599 0.00015 33
1622908076088 0.00015 34
1622908086455 0.00015 35
1622908096677 0.00015 36
1622908107013 0.00015 37
1622908117454 0.00015 38
1622908127674 0.00015 39
1622908138201 0.00015 40
1622908148603 0.00015 41
1622908159439 0.00015 42
1622908169709 0.00015 43
1622908180062 0.00015 44
1622908191472 0.00015 45
1622908201715 0.00015 46
1622908212143 0.00015 47
1622908222519 0.00015 48
1622908232742 0.00015 49
1622908243154 0.00015 50
1622908253542 0.00015 51
1622908263809 0.00015 52
1622908274118 0.00015 53
1622908284573 0.00015 54
1622908294926 0.00015 55
1622908305266 0.00015 56
1622908315683 7.5e-05 57
1622908326100 7.5e-05 58
1622908336228 7.5e-05 59
1622908346463 7.5e-05 60
1622908356733 7.5e-05 61
1622908367020 7.5e-05 62
1622908377469 7.5e-05 63
1622908387800 7.5e-05 64
1622908398017 7.5e-05 65
1622908408341 7.5e-05 66
1622908418746 7.5e-05 67
1622908429120 7.5e-05 68
1622908439394 7.5e-05 69
1622908449909 7.5e-05 70
1622908460487 7.5e-05 71
1622908471841 7.5e-05 72
1622908482247 3.75e-05 73
1622908492440 3.75e-05 74
1622908502621 3.75e-05 75
1622908513002 3.75e-05 76
1622908523407 3.75e-05 77
1622908533570 3.75e-05 78
1622908543880 3.75e-05 79
1622908554081 3.75e-05 80
1622908564325 3.75e-05 81
1622908574463 3.75e-05 82
1622908584811 3.75e-05 83
1622908595005 1.875e-05 84
1622908605224 1.875e-05 85
1622908615536 1.875e-05 86
1622908625891 1.875e-05 87
1622908636100 1.875e-05 88
1622908646561 1.875e-05 89
1622908656940 1.875e-05 90
1622908667073 1.875e-05 91
1622908677826 1.875e-05 92
1622908689416 1.875e-05 93
1622908700154 1.875e-05 94
1622908711309 9.375e-06 95
1622908721835 9.375e-06 96
1622908732055 9.375e-06 97
1622908742059 9.375e-06 98
1622908752266 9.375e-06 99
