1622907721268 0.45817505859532853 0
1622907731634 0.49313020286106846 1
1622907741979 0.5179827042754385 2
1622907752325 0.5430372585468358 3
1622907762780 0.5595651822516771 4
1622907772948 0.5737492928150004 5
1622907783377 0.5916915865190334 6
1622907793535 0.6072092459387376 7
1622907804101 0.6215954093590883 8
1622907814731 0.632182979067324 9
1622907824772 0.647175301058757 10
1622907835083 0.658045744766831 11
1622907845961 0.6701689161884749 12
1622907857291 0.6826557827527682 13
1622907868105 0.6960720924593874 14
1622907879626 0.6977289258870121 15
1622907890320 0.711630162450497 16
1622907900523 0.7220156793017053 17
1622907910799 0.7299765618685848 18
1622907921255 0.7330881758668067 19
1622907931485 0.7387456558635739 20
1622907942002 0.7450497050028287 21
1622907952340 0.7495352784288369 22
1622907962647 0.7517174492847329 23
1622907973092 0.7570516447102562 24
1622907983354 0.7580214984239877 25
1622907993507 0.7595166895659905 26
1622908003841 0.7640426735634042 27
1622908014095 0.7652549907055686 28
1622908024402 0.7701042592742261 29
1622908034721 0.7700638487028206 30
1622908045034 0.7748727067000727 31
1622908055393 0.7759637921280207 32
1622908065598 0.7767720035561303 33
1622908076087 0.7769740564131576 34
1622908086454 0.7786713004121878 35
1622908096676 0.7774589832700234 36
1622908107013 0.7777418572698618 37
1622908117454 0.7808534712680837 38
1622908127673 0.7810959346965166 39
1622908138200 0.7838438535520892 40
1622908148602 0.7836013901236564 41
1622908159438 0.7861472561222016 42
1622908169708 0.7849753495514427 43
1622908180062 0.7884506586923139 44
1622908191471 0.7909965246908591 45
1622908201714 0.7922896629758345 46
1622908212142 0.7900266709771276 47
1622908222518 0.7863088984078235 48
1622908232741 0.791238988119292 49
1622908243153 0.7914410409763194 50
1622908253541 0.791158166976481 51
1622908263808 0.7951184029742181 52
1622908274117 0.7976238584013577 53
1622908284573 0.7939869069748646 54
1622908294925 0.7945930655459468 55
1622908305265 0.7958457932595167 56
1622908315682 0.7938252646892427 57
1622908326099 0.793259516689566 58
1622908336227 0.7955629192596784 59
1622908346463 0.7957649721167057 60
1622908356733 0.7932191061181605 61
1622908367019 0.795199224117029 62
1622908377468 0.7970581104016811 63
1622908387800 0.8026751798270427 64
1622908398016 0.7996039764002263 65
1622908408340 0.801260809827851 66
1622908418745 0.8004525983997414 67
1622908429119 0.8007758829709852 68
1622908439393 0.8004525983997414 69
1622908449909 0.8000484926856866 70
1622908460486 0.8015436838276894 71
1622908471840 0.8013012203992564 72
1622908482246 0.7990786389719551 73
1622908492440 0.8008162935423907 74
1622908502620 0.8046148872545058 75
1622908513001 0.8039683181120181 76
1622908523406 0.8034833912551523 77
1622908533569 0.8008162935423907 78
1622908543879 0.8053018669683989 79
1622908554080 0.8034833912551523 80
1622908564324 0.801260809827851 81
1622908574462 0.8030792855410975 82
1622908584810 0.8044532449688838 83
1622908595005 0.8029580538268811 84
1622908605223 0.8029984643982866 85
1622908615535 0.802190252970177 86
1622908625891 0.8045744766831003 87
1622908636099 0.8014628626848783 88
1622908646560 0.8064333629677524 89
1622908656939 0.8016245049705003 90
1622908667072 0.8020690212559606 91
1622908677825 0.8047361189687222 92
1622908689415 0.8040895498262346 93
1622908700154 0.8023114846843934 94
1622908711308 0.8040895498262346 95
1622908721835 0.8027155903984482 96
1622908732054 0.805140224682777 97
1622908742058 0.8038874969692071 98
1622908752265 0.8036046229693687 99
