1622907721266 0.00021656134919959149 0
1622907731632 0.00020233912841009457 1
1622907741978 0.00019554079788095167 2
1622907752324 0.00019245040808847012 3
1622907762778 0.00018944684559069733 4
1622907772947 0.00018717723001439868 5
1622907783376 0.00018540198180743526 6
1622907793534 0.00018270465123916438 7
1622907804100 0.00018036315168086148 8
1622907814730 0.00017650234307119785 9
1622907824771 0.00017563151935554887 10
1622907835082 0.00017371104112932044 11
1622907845960 0.00017114782462478078 12
1622907857290 0.00016952874896925788 13
1622907868103 0.000166725584387943 14
1622907879625 0.0001660914016619733 15
1622907890319 0.00016308539437658043 16
1622907900522 0.0001640101045834973 17
1622907910798 0.00015980959333618505 18
1622907921254 0.00015942730562944936 19
1622907931484 0.00015800199926424593 20
1622907942001 0.00015580247803724043 21
1622907952339 0.00015476420684320543 22
1622907962645 0.00015319947532392363 23
1622907973091 0.0001547693685967718 24
1622907983352 0.00015160838104552656 25
1622907993506 0.00015231206559098202 26
1622908003840 0.0001502454372382266 27
1622908014094 0.00015318465967008004 28
1622908024401 0.0001512152182490325 29
1622908034720 0.0001469714571430931 30
1622908045033 0.00014829749790494718 31
1622908055392 0.00014692286488156807 32
1622908065597 0.00014752705500118755 33
1622908076086 0.0001505105027980584 34
1622908086453 0.00014483001106318935 35
1622908096675 0.00014508874426178643 36
1622908107011 0.00014370684431796413 37
1622908117452 0.0001461558133679258 38
1622908127672 0.00014409295095156846 39
1622908138199 0.00014403302836396955 40
1622908148601 0.00014229261296111264 41
1622908159437 0.00014430611595845036 42
1622908169707 0.00014279684980559405 43
1622908180060 0.00014127881734284282 44
1622908191469 0.00014554415279628292 45
1622908201713 0.00014407581576030796 46
1622908212141 0.0001411059118459867 47
1622908222517 0.00014355472192453662 48
1622908232740 0.0001420294273586577 49
1622908243152 0.0001396905303550578 50
1622908253540 0.00013998957484982234 51
1622908263807 0.00014054476564475638 52
1622908274116 0.00014128333598478892 53
1622908284571 0.0001400844880086106 54
1622908294924 0.00013844171116079036 55
1622908305264 0.00014035169245652776 56
1622908315681 0.0001391795408385636 57
1622908326098 0.0001377934040657524 58
1622908336225 0.0001369728381984652 59
1622908346461 0.00013737766612446087 60
1622908356731 0.00013630138992405764 61
1622908367017 0.00013867508601055547 62
1622908377467 0.00013838525463169917 63
1622908387798 0.00014020302166966144 64
1622908398015 0.00013604339859204874 65
1622908408339 0.0001401056420453333 66
1622908418744 0.0001380337736576345 67
1622908429118 0.0001366329308249075 68
1622908439392 0.00013847635729392094 69
1622908449908 0.0001357699737854824 70
1622908460485 0.00013484421460811374 71
1622908471839 0.00013492492029914125 72
1622908482245 0.000138222299300024 73
1622908492438 0.00013670741013564145 74
1622908502619 0.0001337537429832385 75
1622908513000 0.00013743710095886463 76
1622908523405 0.0001354212254336394 77
1622908533568 0.0001378747926112531 78
1622908543878 0.00013306168864174724 79
1622908554079 0.00013738839428609627 80
1622908564323 0.000137197303423199 81
1622908574461 0.00013409510759473725 82
1622908584809 0.00013565412939081368 83
1622908595003 0.00013397077027282864 84
1622908605222 0.00013742151814752644 85
1622908615534 0.00013321370144124694 86
1622908625890 0.000133988131877918 87
1622908636098 0.00013584728688206368 88
1622908646559 0.00013405502512105636 89
1622908656938 0.00013532668320814523 90
1622908667071 0.0001338940906532366 91
1622908677824 0.00013411273053919287 92
1622908689414 0.00013572041926518473 93
1622908700153 0.00013459769691731506 94
1622908711307 0.00013464780783755388 95
1622908721834 0.00013294548656140207 96
1622908732053 0.000134680912429722 97
1622908742057 0.00013248498732874295 98
1622908752264 0.00013503129505585093 99
