1622911101836 0.001 0
1622911111802 0.001 1
1622911121987 0.001 2
1622911132816 0.001 3
1622911144028 0.001 4
1622911155023 0.001 5
1622911165780 0.001 6
1622911176581 0.001 7
1622911186767 0.001 8
1622911196663 0.001 9
1622911206964 0.001 10
1622911217067 0.001 11
1622911226914 0.001 12
1622911237142 0.001 13
1622911247286 0.001 14
1622911257389 0.001 15
1622911267485 0.001 16
1622911277864 0.0005 17
1622911287616 0.0005 18
1622911297776 0.0005 19
1622911307932 0.0005 20
1622911318063 0.0005 21
1622911328619 0.0005 22
1622911338858 0.0005 23
1622911348742 0.0005 24
1622911358912 0.0005 25
1622911368968 0.0005 26
1622911378737 0.0005 27
1622911388887 0.0005 28
1622911399138 0.0005 29
1622911409103 0.0005 30
1622911419236 0.0005 31
1622911429439 0.0005 32
1622911439434 0.00025 33
1622911449531 0.00025 34
1622911459685 0.00025 35
1622911469683 0.00025 36
1622911480101 0.00025 37
1622911490178 0.00025 38
1622911500428 0.00025 39
1622911510370 0.00025 40
1622911520545 0.00025 41
1622911530658 0.00025 42
1622911540640 0.00025 43
1622911550818 0.00025 44
1622911560998 0.00025 45
1622911571227 0.000125 46
1622911581296 0.000125 47
1622911591545 0.000125 48
1622911601612 0.000125 49
1622911611801 0.000125 50
1622911622180 0.000125 51
1622911632163 0.000125 52
1622911642453 0.000125 53
1622911652833 0.000125 54
1622911662679 0.000125 55
1622911672835 0.000125 56
1622911683191 6.25e-05 57
1622911693053 6.25e-05 58
1622911703416 6.25e-05 59
1622911713721 6.25e-05 60
1622911723637 6.25e-05 61
1622911733700 6.25e-05 62
1622911743898 6.25e-05 63
1622911754050 6.25e-05 64
1622911764444 6.25e-05 65
1622911774714 6.25e-05 66
1622911784574 6.25e-05 67
1622911794783 3.125e-05 68
1622911805033 3.125e-05 69
1622911815342 3.125e-05 70
1622911825532 3.125e-05 71
1622911835598 3.125e-05 72
1622911845765 3.125e-05 73
1622911855438 3.125e-05 74
1622911865880 3.125e-05 75
1622911875872 3.125e-05 76
1622911885908 3.125e-05 77
1622911896116 3.125e-05 78
1622911906391 1.5625e-05 79
1622911916639 1.5625e-05 80
1622911926628 1.5625e-05 81
1622911936932 1.5625e-05 82
1622911946680 1.5625e-05 83
1622911956976 1.5625e-05 84
1622911967155 1.5625e-05 85
1622911977262 1.5625e-05 86
1622911987343 1.5625e-05 87
1622911997789 1.5625e-05 88
1622912007810 1.5625e-05 89
1622912018156 7.8125e-06 90
1622912028296 7.8125e-06 91
1622912038201 7.8125e-06 92
1622912048302 7.8125e-06 93
1622912058433 7.8125e-06 94
1622912068342 7.8125e-06 95
1622912078668 7.8125e-06 96
1622912088930 7.8125e-06 97
1622912098885 7.8125e-06 98
1622912109098 7.8125e-06 99
